N_unmapped	12615055	12615055	12615055
N_multimapping	0	0	0
N_noFeature	78214	277299	275555
N_ambiguous	31509	12793	12958
PSPPH_0001	86	45	41
PSPPH_0002	89	45	44
PSPPH_0003	25	15	10
PSPPH_0004	259	132	128
PSPPH_0005	31	15	17
PSPPH_0007	0	0	0
PSPPH_0008	0	0	0
PSPPH_0009	50	28	22
PSPPH_0010	29	15	15
PSPPH_0011	199	93	107
PSPPH_0012	84	45	44
PSPPH_0013	5	3	7
PSPPH_0014	49	28	22
PSPPH_0015	6	1	5
PSPPH_0016	0	0	0
PSPPH_0017	1	0	1
PSPPH_0018	40	26	14
PSPPH_0019	44	24	20
PSPPH_0020	24	7	17
PSPPH_0021	45	20	26
PSPPH_0022	113	62	51
PSPPH_0023	14	7	7
PSPPH_0024	45	33	28
PSPPH_0025	133	76	73
PSPPH_0026	26	12	14
PSPPH_0027	20	13	7
PSPPH_0028	7	4	3
PSPPH_0029	19	12	7
PSPPH_0030	7	3	4
PSPPH_0031	7	1	6
PSPPH_0032	4	4	0
PSPPH_0033	297	157	140
PSPPH_0034	17	9	8
PSPPH_0035	78	39	39
PSPPH_0036	156	76	80
PSPPH_0037	4	4	6
PSPPH_0038	20	16	10
PSPPH_0039	9	2	7
PSPPH_0040	35	16	19
PSPPH_0041	49	22	27
PSPPH_0042	66	29	37
PSPPH_0043	2	2	1
PSPPH_0044	3	1	3
PSPPH_0046	8	1	7
PSPPH_0048	37	14	23
PSPPH_0049	1	0	1
PSPPH_0050	29	14	17
PSPPH_0051	265	126	141
PSPPH_0052	14	11	5
PSPPH_0053	11	5	8
PSPPH_0054	68	36	32
PSPPH_0055	44	21	23
PSPPH_0056	8	3	5
PSPPH_0057	91	50	45
PSPPH_0058	10	21	21
PSPPH_0059	356	198	187
PSPPH_0060	31	20	15
PSPPH_0061	79	43	40
PSPPH_0062	4	1	3
PSPPH_0063	5	4	2
PSPPH_0064	77	38	39
PSPPH_0065	70	29	41
PSPPH_0066	37	19	20
PSPPH_0067	55	28	31
PSPPH_0068	3	13	13
PSPPH_0069	120	69	70
PSPPH_0070	37	18	22
PSPPH_0071	159	93	68
PSPPH_0072	32	25	15
PSPPH_0073	22	12	18
PSPPH_0074	18	9	9
PSPPH_0075	36	24	12
PSPPH_0076	28	19	14
PSPPH_0077	21	11	10
PSPPH_0078	19	13	9
PSPPH_0079	28	17	15
PSPPH_0080	23	8	15
PSPPH_0081	16	10	7
PSPPH_0082	18	8	11
PSPPH_0083	125	57	68
PSPPH_0084	114	54	60
PSPPH_0085	38	22	16
PSPPH_0086	28	15	13
PSPPH_0087	7	3	4
PSPPH_0088	8	5	3
PSPPH_0089	33	22	11
PSPPH_0090	6	4	3
PSPPH_0091	38	23	15
PSPPH_0092	81	44	37
PSPPH_0093	32	17	15
PSPPH_0094	67	39	28
PSPPH_0095	178	84	94
PSPPH_0096	209	97	112
PSPPH_0097	56	24	32
PSPPH_0099	20	8	14
PSPPH_0100	12	5	7
PSPPH_0101	14	10	5
PSPPH_0102	2	2	0
PSPPH_0103	10	6	4
PSPPH_0104	220	113	108
PSPPH_0105	59	31	28
PSPPH_0106	9	6	3
PSPPH_0107	89	59	30
PSPPH_0108	19	11	8
PSPPH_0109	7	5	3
PSPPH_0110	8	4	4
PSPPH_0111	6	3	4
PSPPH_0112	7	3	4
PSPPH_0113	0	0	0
PSPPH_0114	0	0	0
PSPPH_0115	6	3	3
PSPPH_0116	11	7	4
PSPPH_0117	18	11	7
PSPPH_0118	6	4	2
PSPPH_0119	1	1	0
PSPPH_0121	23	11	14
PSPPH_0122	772	367	405
PSPPH_0123	55	29	26
PSPPH_0124	28	26	24
PSPPH_0125	121	57	66
PSPPH_0126	17	7	10
PSPPH_0127	61	25	36
PSPPH_0128	18	9	9
PSPPH_0129	96	48	48
PSPPH_0130	22	13	9
PSPPH_0131	51	20	33
PSPPH_0132	10	4	6
PSPPH_0133	195	89	108
PSPPH_0134	58	34	24
PSPPH_0135	55	22	33
PSPPH_0136	9	3	6
PSPPH_0138	67	34	33
PSPPH_0139	187	95	92
PSPPH_0140	46	28	18
PSPPH_0141	64	33	31
PSPPH_0142	25	17	9
PSPPH_0143	18	7	12
PSPPH_0144	48	21	27
PSPPH_0145	8	7	2
PSPPH_0146	40	18	22
PSPPH_0147	17	11	9
PSPPH_0148	0	5	9
PSPPH_0149	23	12	17
PSPPH_0150	96	56	40
PSPPH_0152	62	37	25
PSPPH_0153	64	31	33
PSPPH_0154	42	24	18
PSPPH_0155	76	34	44
PSPPH_0156	5	3	3
PSPPH_0157	2	0	2
PSPPH_0158	4	2	2
PSPPH_0159	5	4	1
PSPPH_0160	6	1	5
PSPPH_0161	3	2	1
PSPPH_0162	0	0	0
PSPPH_0163	0	0	0
PSPPH_0164	87	39	48
PSPPH_0165	51	30	29
PSPPH_0166	1	4	5
PSPPH_0167	5	7	6
PSPPH_0169	1	1	0
PSPPH_0170	0	0	0
PSPPH_0171	5350	2584	2777
PSPPH_5226	3	1	2
PSPPH_0173	58	24	34
PSPPH_0174	6	1	5
PSPPH_0175	1	0	1
PSPPH_0176	0	0	0
PSPPH_0177	10	4	7
PSPPH_0178	11	5	6
PSPPH_0179	121	65	56
PSPPH_0180	191	90	102
PSPPH_0181	51	22	33
PSPPH_0182	5	4	1
PSPPH_0184	16	3	13
PSPPH_0185	5	1	4
PSPPH_0186	9	5	5
PSPPH_0187	17	10	8
PSPPH_0188	141	67	75
PSPPH_0189	90	53	38
PSPPH_0190	48	21	27
PSPPH_0191	20	8	12
PSPPH_0192	5	3	2
PSPPH_0193	36	11	25
PSPPH_0194	25	14	16
PSPPH_0195	45	22	27
PSPPH_0196	19	8	11
PSPPH_0197	165	86	79
PSPPH_0198	65	32	33
PSPPH_0199	47	24	23
PSPPH_0200	32	19	14
PSPPH_0201	55	28	27
PSPPH_0202	21	10	12
PSPPH_0203	88	43	46
PSPPH_0204	86	43	43
PSPPH_0205	31	18	13
PSPPH_0206	127	60	68
PSPPH_0207	157	83	76
PSPPH_0208	19	13	6
PSPPH_0209	77	35	42
PSPPH_0210	8	6	2
PSPPH_0211	108	51	57
PSPPH_0212	244	108	136
PSPPH_0213	26	12	14
PSPPH_0214	6	2	4
PSPPH_0215	525	259	266
PSPPH_0216	32	20	17
PSPPH_0217	37	30	12
PSPPH_0218	119	65	54
PSPPH_0219	9	10	3
PSPPH_0220	39	19	25
PSPPH_0221	8	10	11
PSPPH_0222	21	13	20
PSPPH_0223	110	56	54
PSPPH_0224	27	10	18
PSPPH_0225	42	24	18
PSPPH_0226	17	10	8
PSPPH_0227	12	7	6
PSPPH_0228	5	6	2
PSPPH_0229	36	39	19
PSPPH_0230	91	47	65
PSPPH_0231	6	5	1
PSPPH_0232	19	13	6
PSPPH_0233	10	4	6
PSPPH_0234	38	20	19
PSPPH_0235	68	34	38
PSPPH_0236	66	43	27
PSPPH_0237	100	49	52
PSPPH_0238	6	5	1
PSPPH_0239	7	4	3
PSPPH_0240	53	38	16
PSPPH_0241	88	47	41
PSPPH_0242	107	65	44
PSPPH_0243	161	69	94
PSPPH_0244	10	5	5
PSPPH_0245	115	71	44
PSPPH_0246	215	116	99
PSPPH_0247	46	13	34
PSPPH_0248	23	6	17
PSPPH_0249	2	1	1
PSPPH_0250	3	1	2
PSPPH_0251	28	15	14
PSPPH_0252	96	47	50
PSPPH_0253	41	20	27
PSPPH_0254	10	6	7
PSPPH_0255	71	36	35
PSPPH_0256	81	42	39
PSPPH_0257	161	79	82
PSPPH_0258	34	13	21
PSPPH_0259	144	91	53
PSPPH_0260	10	9	1
PSPPH_0261	51	24	28
PSPPH_0262	36	25	13
PSPPH_0263	8	3	5
PSPPH_0264	13	2	11
PSPPH_0265	13	3	10
PSPPH_0266	57	34	25
PSPPH_0267	38	25	16
PSPPH_0268	19	8	11
PSPPH_0269	4	2	2
PSPPH_0270	26	11	15
PSPPH_0271	14	11	3
PSPPH_0272	8	7	1
PSPPH_0273	74	31	44
PSPPH_0274	75	36	39
PSPPH_0275	100	47	53
PSPPH_0276	71	28	43
PSPPH_0277	30	19	11
PSPPH_0278	18	8	10
PSPPH_0279	84	38	47
PSPPH_0280	210	113	116
PSPPH_0281	126	82	63
PSPPH_0282	7	2	5
PSPPH_0283	2	1	1
PSPPH_0284	5	3	2
PSPPH_0285	12	10	2
PSPPH_0286	11	6	6
PSPPH_0287	59	33	26
PSPPH_0288	163	81	85
PSPPH_0289	55	30	26
PSPPH_0290	44	20	24
PSPPH_0291	17	11	12
PSPPH_0292	11	4	14
PSPPH_0293	0	0	0
PSPPH_0294	1	0	1
PSPPH_0295	5	4	2
PSPPH_0296	4	2	2
PSPPH_0298	25	9	17
PSPPH_0299	31	14	30
PSPPH_0300	7	12	9
PSPPH_0301	2	1	1
PSPPH_0302	11	3	8
PSPPH_0303	28	17	11
PSPPH_0304	14	12	3
PSPPH_0305	23	16	8
PSPPH_0306	37	22	15
PSPPH_0307	62	30	33
PSPPH_0308	47	18	29
PSPPH_0310	27	11	16
PSPPH_0311	7	4	3
PSPPH_0312	10	5	5
PSPPH_0313	45	21	25
PSPPH_0314	11	8	5
PSPPH_0315	4	0	7
PSPPH_0316	1	1	0
PSPPH_0317	11	6	6
PSPPH_0318	34	16	18
PSPPH_0319	22	13	10
PSPPH_0320	12	5	8
PSPPH_0321	3	1	2
PSPPH_0322	5	3	3
PSPPH_0323	3	2	1
PSPPH_0324	4	1	3
PSPPH_0325	19	8	12
PSPPH_0326	9	4	5
PSPPH_0327	53	32	21
PSPPH_0328	43	22	21
PSPPH_0329	119	68	58
PSPPH_0330	12	9	11
PSPPH_0331	21	16	6
PSPPH_0332	5	3	2
PSPPH_0333	9	5	4
PSPPH_0334	4	3	1
PSPPH_0335	6	2	4
PSPPH_0336	3	0	3
PSPPH_0337	7	4	4
PSPPH_0338	8	5	3
PSPPH_0339	2	2	3
PSPPH_0340	36	17	21
PSPPH_0341	29	19	10
PSPPH_0342	92	41	51
PSPPH_0343	62	34	28
PSPPH_0344	107	47	69
PSPPH_0345	65	33	41
PSPPH_0346	6	2	4
PSPPH_0347	8	8	1
PSPPH_0348	18	6	12
PSPPH_0349	27	16	12
PSPPH_0350	70	30	41
PSPPH_0351	38	17	21
PSPPH_0352	17	12	6
PSPPH_0353	89	44	45
PSPPH_0354	50	29	21
PSPPH_0355	36	13	23
PSPPH_0356	383	198	187
PSPPH_0357	92	46	46
PSPPH_0358	6	4	2
PSPPH_0359	208	108	100
PSPPH_0360	154	77	79
PSPPH_0361	12	7	5
PSPPH_0362	11	4	7
PSPPH_0363	66	26	40
PSPPH_0364	8	4	4
PSPPH_0365	21	11	10
PSPPH_0366	18	8	10
PSPPH_0367	38	22	16
PSPPH_0368	15	9	6
PSPPH_0369	29	8	21
PSPPH_0370	32	15	17
PSPPH_0371	10	4	6
PSPPH_0372	54	27	30
PSPPH_0373	12	7	6
PSPPH_0374	28	19	9
PSPPH_0375	1047	544	503
PSPPH_0376	12	9	4
PSPPH_0377	66	32	34
PSPPH_0378	68	45	24
PSPPH_0379	189	107	82
PSPPH_0380	12	5	8
PSPPH_0381	403	214	189
PSPPH_0382	215	114	102
PSPPH_0383	68	34	35
PSPPH_0384	88	47	41
PSPPH_0385	34	20	14
PSPPH_0386	83	38	45
PSPPH_0387	32	18	14
PSPPH_0388	266	126	140
PSPPH_0389	88	45	44
PSPPH_0390	30	14	16
PSPPH_0391	11	4	7
PSPPH_0392	2	2	0
PSPPH_0393	10	7	3
PSPPH_0394	69	32	38
PSPPH_0395	11	3	8
PSPPH_0396	114	57	57
PSPPH_0397	244	117	129
PSPPH_0398	699	335	365
PSPPH_0399	0	0	0
PSPPH_0400	128	68	60
PSPPH_0401	17	10	7
PSPPH_0402	12	5	9
PSPPH_0403	29	12	17
PSPPH_0404	38	18	22
PSPPH_0405	11	7	7
PSPPH_0406	11	9	4
PSPPH_0407	15	3	12
PSPPH_0408	8	2	6
PSPPH_0409	32	23	9
PSPPH_0410	26	12	15
PSPPH_0411	11	6	5
PSPPH_0412	38	16	22
PSPPH_0413	12	5	7
PSPPH_0414	7	3	4
PSPPH_0415	27	12	16
PSPPH_0416	4	4	0
PSPPH_0417	5	2	3
PSPPH_0418	24	9	15
PSPPH_0419	36	17	19
PSPPH_0420	3	2	1
PSPPH_0421	3	0	3
PSPPH_0422	33	21	12
PSPPH_0423	2	0	2
PSPPH_0424	8	6	3
PSPPH_0425	17	6	11
PSPPH_0426	3	0	3
PSPPH_0427	4	0	4
PSPPH_0428	0	0	0
PSPPH_0429	12	4	8
PSPPH_0430	23	9	14
PSPPH_0431	34	22	13
PSPPH_0432	6	4	2
PSPPH_0433	47	23	24
PSPPH_0434	10	3	7
PSPPH_0435	2	2	0
PSPPH_0436	11	6	5
PSPPH_0437	19	8	12
PSPPH_0438	37	20	17
PSPPH_0439	20	5	15
PSPPH_0440	11	8	3
PSPPH_0441	16	9	12
PSPPH_0442	14	10	9
PSPPH_0443	25	10	18
PSPPH_0444	40	21	23
PSPPH_0445	34	21	13
PSPPH_0446	43	22	23
PSPPH_0447	127	65	62
PSPPH_0448	384	184	201
PSPPH_0449	173	80	94
PSPPH_0450	69	41	28
PSPPH_0451	385	210	175
PSPPH_0452	10	8	2
PSPPH_0453	15	5	10
PSPPH_0454	11	7	5
PSPPH_0455	1	1	0
PSPPH_0456	19	6	13
PSPPH_0457	6	1	5
PSPPH_0458	2	0	2
PSPPH_0459	42	20	22
PSPPH_0460	135	76	59
PSPPH_0461	18	9	9
PSPPH_0462	29	13	16
PSPPH_0463	21	14	7
PSPPH_0464	17	6	11
PSPPH_0465	48	26	22
PSPPH_0466	53	27	26
PSPPH_0467	67	31	36
PSPPH_0468	29	19	14
PSPPH_0469	117	57	64
PSPPH_0470	33	17	16
PSPPH_0471	30	19	11
PSPPH_0472	137	60	77
PSPPH_0473	69	44	25
PSPPH_0474	16	7	9
PSPPH_0475	18	7	11
PSPPH_0476	35	16	19
PSPPH_0477	33	21	14
PSPPH_0478	47	21	26
PSPPH_0479	42	19	23
PSPPH_0480	10	4	6
PSPPH_0481	16	7	9
PSPPH_0482	29	11	18
PSPPH_0483	217	114	105
PSPPH_0484	19	11	8
PSPPH_0485	38	20	18
PSPPH_0486	23	13	10
PSPPH_0487	18	11	8
PSPPH_0488	44	20	24
PSPPH_0490	33	10	23
PSPPH_0491	36	17	22
PSPPH_0492	54	37	21
PSPPH_0493	33	14	22
PSPPH_0494	16	11	6
PSPPH_0495	53	28	26
PSPPH_0496	299	149	150
PSPPH_0497	42	15	27
PSPPH_0498	63	34	30
PSPPH_0499	111	50	62
PSPPH_0500	10	11	4
PSPPH_0501	4	5	4
PSPPH_0502	19	7	12
PSPPH_0503	16	13	13
PSPPH_0504	25	11	23
PSPPH_0505	19	7	13
PSPPH_0506	54	31	23
PSPPH_0507	703	366	338
PSPPH_0508	1030	528	504
PSPPH_0509	184	81	103
PSPPH_0510	37	17	20
PSPPH_0511	21	11	10
PSPPH_0512	16	9	7
PSPPH_0513	21	10	11
PSPPH_0514	8	4	4
PSPPH_0515	9	4	5
PSPPH_0516	14	7	7
PSPPH_0517	24	12	12
PSPPH_0518	2	2	0
PSPPH_0519	101	62	39
PSPPH_0520	61	31	30
PSPPH_0521	11	7	4
PSPPH_0522	18	8	11
PSPPH_0523	20	11	10
PSPPH_0524	25	12	13
PSPPH_0525	13	3	12
PSPPH_0526	14	9	7
PSPPH_0527	62	27	35
PSPPH_0528	175	92	90
PSPPH_0529	27	16	18
PSPPH_0530	31	14	17
PSPPH_0531	106	55	51
PSPPH_0532	9	6	4
PSPPH_0533	34	19	18
PSPPH_0534	97	44	55
PSPPH_0535	291	144	147
PSPPH_0536	20	8	13
PSPPH_0537	5	8	11
PSPPH_0538	30	23	22
PSPPH_0539	46	18	30
PSPPH_0540	30	14	16
PSPPH_0541	9	6	3
PSPPH_0542	50	25	25
PSPPH_0543	34	17	17
PSPPH_0544	89	37	56
PSPPH_0545	48	22	26
PSPPH_0546	5	2	3
PSPPH_0547	130	68	62
PSPPH_0548	121	65	57
PSPPH_0549	56	25	33
PSPPH_0550	35	27	15
PSPPH_0551	52	22	37
PSPPH_0552	101	41	61
PSPPH_0553	101	51	50
PSPPH_0554	16	7	9
PSPPH_0555	10	3	7
PSPPH_0556	41	17	24
PSPPH_0557	33	17	16
PSPPH_0558	8	4	4
PSPPH_0559	21	10	11
PSPPH_0560	61	24	37
PSPPH_0561	39	16	23
PSPPH_0562	69	31	40
PSPPH_0563	109	55	55
PSPPH_0564	73	44	30
PSPPH_0565	114	55	59
PSPPH_0566	248	112	136
PSPPH_0567	286	143	144
PSPPH_0568	149	71	78
PSPPH_0569	81	29	53
PSPPH_0570	145	77	68
PSPPH_0571	72	37	35
PSPPH_0574	294	156	140
PSPPH_0575	65	35	30
PSPPH_0576	216	100	117
PSPPH_0577	77	24	53
PSPPH_0578	248	135	113
PSPPH_0579	148	73	75
PSPPH_0580	57	17	40
PSPPH_0581	132	73	64
PSPPH_0582	12	6	10
PSPPH_0583	77	42	35
PSPPH_0584	38	13	25
PSPPH_0585	14	10	5
PSPPH_0586	27	12	15
PSPPH_0587	137	58	79
PSPPH_0588	25	12	13
PSPPH_0589	8	5	4
PSPPH_0590	243	123	120
PSPPH_0591	42	16	26
PSPPH_0592	47	19	28
PSPPH_0593	40	20	20
PSPPH_0594	21	10	11
PSPPH_0595	1	1	0
PSPPH_0596	3	0	4
PSPPH_0597	142	82	76
PSPPH_0598	24	19	21
PSPPH_0599	109	55	54
PSPPH_0600	36	18	19
PSPPH_0601	7	1	6
PSPPH_0602	35	18	17
PSPPH_0603	10	6	4
PSPPH_0604	155	74	84
PSPPH_0605	7	5	5
PSPPH_0606	2	1	1
PSPPH_0607	38	22	16
PSPPH_0608	28	13	15
PSPPH_0609	45	19	26
PSPPH_0610	21	10	12
PSPPH_0611	24	13	11
PSPPH_0612	22	11	14
PSPPH_0613	51	36	18
PSPPH_0614	2	2	3
PSPPH_0615	22	14	9
PSPPH_0616	3	3	0
PSPPH_0617	0	1	0
PSPPH_0619	707	371	337
PSPPH_0620	79	40	39
PSPPH_0621	98	51	47
PSPPH_0622	15	12	7
PSPPH_0623	26	12	24
PSPPH_0624	2	6	3
PSPPH_0625	5	2	5
PSPPH_0626	28	17	13
PSPPH_0627	339	147	192
PSPPH_0628	322	153	171
PSPPH_0629	1619	820	800
PSPPH_0630	16	4	12
PSPPH_0631	43	23	20
PSPPH_0632	23	9	14
PSPPH_0633	16	10	6
PSPPH_0634	33	11	22
PSPPH_0635	94	55	40
PSPPH_0636	345	170	175
PSPPH_0637	54	29	25
PSPPH_0638	47	21	26
PSPPH_0639	37	18	19
PSPPH_0640	26	10	16
PSPPH_0641	41	23	18
PSPPH_0642	19	14	5
PSPPH_0643	18	7	11
PSPPH_0644	24	13	11
PSPPH_0645	13	8	5
PSPPH_0646	16	4	12
PSPPH_0647	36	13	23
PSPPH_0648	23	13	10
PSPPH_0649	111	62	50
PSPPH_0650	1189	573	618
PSPPH_0651	16	13	3
PSPPH_0652	8	3	5
PSPPH_0653	17	10	7
PSPPH_0654	11	4	7
PSPPH_0655	451	227	224
PSPPH_0656	18	8	10
PSPPH_0657	6	5	1
PSPPH_0658	15	9	6
PSPPH_0659	20	12	8
PSPPH_0660	24	10	14
PSPPH_0662	62	24	38
PSPPH_0663	34	21	13
PSPPH_0664	0	0	0
PSPPH_0665	28	8	21
PSPPH_0666	20	11	9
PSPPH_0667	71	32	39
PSPPH_0668	11	7	4
PSPPH_0669	6	6	1
PSPPH_0670	10	4	7
PSPPH_0671	9	2	7
PSPPH_0672	35	17	18
PSPPH_0673	71	36	35
PSPPH_0674	116	55	61
PSPPH_0675	27	14	14
PSPPH_0676	1	0	3
PSPPH_0677	25	14	11
PSPPH_0678	35	17	18
PSPPH_0679	71	36	36
PSPPH_0680	34	16	19
PSPPH_0681	15	8	7
PSPPH_0682	7	7	2
PSPPH_0683	11	5	6
PSPPH_0684	101	57	44
PSPPH_0685	18	4	14
PSPPH_0686	172	81	91
PSPPH_0687	162	68	96
PSPPH_0688	151	73	81
PSPPH_0694	255	120	146
PSPPH_0695	225	117	114
PSPPH_0696	106	52	55
PSPPH_0697	31	17	15
PSPPH_0698	85	50	38
PSPPH_0699	1	1	0
PSPPH_0700	217	108	121
PSPPH_0701	132	73	61
PSPPH_0702	16	6	12
PSPPH_0703	50	26	24
PSPPH_0704	18	11	8
PSPPH_0705	29	17	13
PSPPH_0706	50	26	25
PSPPH_0708	38	23	18
PSPPH_0709	17	9	10
PSPPH_0710	35	15	21
PSPPH_0711	111	55	64
PSPPH_0712	59	32	35
PSPPH_0713	156	84	73
PSPPH_0714	96	49	49
PSPPH_0715	219	110	111
PSPPH_0716	278	143	139
PSPPH_0717	46	23	23
PSPPH_0718	60	26	34
PSPPH_0719	115	59	59
PSPPH_0720	117	65	52
PSPPH_0721	455	229	233
PSPPH_0722	39	22	18
PSPPH_0723	50	24	26
PSPPH_0724	101	59	47
PSPPH_0725	16	9	11
PSPPH_0726	42	20	24
PSPPH_0727	19	7	12
PSPPH_0728	64	30	34
PSPPH_0729	35	17	18
PSPPH_0730	312	145	173
PSPPH_0731	38	16	23
PSPPH_0732	104	52	59
PSPPH_0733	234	143	111
PSPPH_0734	73	48	30
PSPPH_0735	66	38	30
PSPPH_0736	125	63	67
PSPPH_0737	69	36	48
PSPPH_0738	23	13	12
PSPPH_0739	145	74	73
PSPPH_0740	70	29	42
PSPPH_0741	32	12	24
PSPPH_0742	1187	591	602
PSPPH_0747	77	42	36
PSPPH_0748	0	0	0
PSPPH_0749	109	46	68
PSPPH_0750	78	50	37
PSPPH_0751	154	87	71
PSPPH_0752	88	46	45
PSPPH_0753	116	64	55
PSPPH_0755	125	57	69
PSPPH_0756	219	111	111
PSPPH_0757	72	29	44
PSPPH_0758	70	28	43
PSPPH_0759	27	18	11
PSPPH_0760	48	32	21
PSPPH_0761	48	31	20
PSPPH_0762	200	107	94
PSPPH_0763	753	372	385
PSPPH_5225	94	50	44
PSPPH_0764	84	38	47
PSPPH_0765	15	7	8
PSPPH_0767	203	150	123
PSPPH_0768	56	34	26
PSPPH_0769	18	14	5
PSPPH_0770	205	105	111
PSPPH_0771	70	37	34
PSPPH_0772	21	10	16
PSPPH_0774	25	14	11
PSPPH_0775	92	44	52
PSPPH_0776	1	1	0
PSPPH_0777	152	64	95
PSPPH_0778	110	65	49
PSPPH_0780	3550	1584	2103
PSPPH_0781	918	469	461
PSPPH_0782	164	74	93
PSPPH_0783	8	6	4
PSPPH_0784	59	30	32
PSPPH_0786	3	1	4
PSPPH_0787	29	18	11
PSPPH_0788	75	33	46
PSPPH_0790	144	73	83
PSPPH_0791	25	18	8
PSPPH_0792	19	10	10
PSPPH_0793	53	30	24
PSPPH_0794	76	37	44
PSPPH_0795	60	34	27
PSPPH_0796	89	38	55
PSPPH_0797	15	5	11
PSPPH_0798	15	4	11
PSPPH_0799	11	3	8
PSPPH_0800	99	59	43
PSPPH_0801	31	19	13
PSPPH_0802	38	24	16
PSPPH_0803	36	20	16
PSPPH_0804	117	72	48
PSPPH_0805	159	79	93
PSPPH_0806	28	19	9
PSPPH_0807	19	8	11
PSPPH_0808	84	38	47
PSPPH_0809	123	72	55
PSPPH_0810	25	7	20
PSPPH_0811	47	26	24
PSPPH_0812	98	32	67
PSPPH_0813	97	43	59
PSPPH_0814	66	31	39
PSPPH_0815	1265	616	699
PSPPH_0816	20	5	15
PSPPH_0817	66	32	35
PSPPH_0818	72	37	38
PSPPH_0819	112	65	51
PSPPH_0820	185	92	97
PSPPH_0821	225	107	120
PSPPH_0822	20	9	14
PSPPH_0823	82	47	42
PSPPH_0825	61	33	30
PSPPH_0826	68	41	27
PSPPH_0827	59	31	31
PSPPH_0828	52	24	28
PSPPH_0829	35	23	12
PSPPH_0830	66	33	34
PSPPH_0831	67	36	35
PSPPH_0832	73	37	36
PSPPH_0833	121	65	57
PSPPH_0834	260	121	140
PSPPH_0835	43	19	24
PSPPH_0836	169	77	94
PSPPH_0837	167	87	81
PSPPH_0838	208	118	92
PSPPH_0839	131	55	79
PSPPH_0840	77	38	41
PSPPH_0841	105	51	57
PSPPH_0842	315	144	174
PSPPH_0843	42	19	24
PSPPH_0844	75	40	41
PSPPH_0845	61	32	36
PSPPH_0846	221	113	110
PSPPH_0847	611	312	309
PSPPH_0848	193	92	103
PSPPH_0849	509	265	270
PSPPH_0850	187	113	102
PSPPH_0851	76	36	43
PSPPH_0852	338	164	182
PSPPH_0853	46	24	23
PSPPH_0854	54	29	26
PSPPH_0855	21	14	7
PSPPH_0856	102	64	41
PSPPH_0857	108	53	59
PSPPH_0858	159	75	88
PSPPH_0859	9	5	4
PSPPH_0860	59	31	29
PSPPH_0861	123	53	72
PSPPH_0862	60	40	22
PSPPH_0863	25	18	7
PSPPH_0864	17	8	9
PSPPH_0865	21	18	8
PSPPH_0866	40	23	17
PSPPH_0867	211	127	92
PSPPH_0868	173	93	88
PSPPH_0869	164	82	85
PSPPH_0870	40	30	34
PSPPH_0871	45	35	37
PSPPH_0872	409	232	183
PSPPH_0873	67	31	36
PSPPH_0874	376	187	189
PSPPH_0875	48	23	26
PSPPH_0876	125	74	57
PSPPH_0877	73	43	32
PSPPH_0883	11	6	5
PSPPH_0884	80	43	37
PSPPH_0885	15	10	5
PSPPH_0886	46	22	26
PSPPH_0887	39	17	24
PSPPH_0888	5	3	5
PSPPH_0889	10	5	8
PSPPH_0890	99	59	55
PSPPH_0891	34	24	25
PSPPH_0892	31	18	14
PSPPH_0893	0	0	0
PSPPH_0895	1	0	2
PSPPH_0896	6	3	3
PSPPH_0897	14	9	5
PSPPH_0898	13	7	6
PSPPH_0899	4	3	1
PSPPH_0900	12	9	5
PSPPH_0901	61	29	33
PSPPH_0902	35	19	16
PSPPH_0903	18	12	9
PSPPH_0904	10	7	6
PSPPH_0905	16	7	9
PSPPH_0906	153	75	78
PSPPH_0907	10	7	3
PSPPH_0908	16	9	12
PSPPH_0909	12	14	3
PSPPH_0910	18	16	3
PSPPH_0911	6	4	2
PSPPH_0912	0	0	0
PSPPH_0913	2	2	0
PSPPH_0914	4	4	0
PSPPH_0915	3	3	0
PSPPH_0916	1	0	1
PSPPH_0917	1	1	0
PSPPH_0918	5	1	4
PSPPH_0919	42	28	14
PSPPH_0920	29	17	13
PSPPH_0921	18	10	8
PSPPH_0922	49	29	21
PSPPH_0923	37	21	16
PSPPH_0924	8	3	5
PSPPH_0925	64	41	32
PSPPH_0926	12	8	14
PSPPH_0927	5	2	3
PSPPH_0929	0	0	0
PSPPH_0930	0	0	0
PSPPH_0931	11	6	5
PSPPH_0932	5	4	1
PSPPH_0933	9	5	4
PSPPH_0934	2	1	1
PSPPH_0935	20	5	15
PSPPH_0936	21	7	14
PSPPH_0937	21	11	10
PSPPH_0938	10	4	6
PSPPH_0939	5	4	1
PSPPH_0940	19	11	8
PSPPH_0942	235	99	137
PSPPH_0943	41	12	29
PSPPH_0944	30	13	17
PSPPH_0945	1	5	5
PSPPH_0946	32	21	20
PSPPH_0947	82	32	50
PSPPH_0949	49	24	25
PSPPH_0950	58	28	31
PSPPH_0951	19	13	8
PSPPH_0952	61	35	26
PSPPH_0953	114	54	61
PSPPH_0954	3	2	1
PSPPH_0955	31	12	20
PSPPH_0956	37	21	16
PSPPH_0957	39	17	22
PSPPH_0958	77	39	39
PSPPH_0959	19	10	9
PSPPH_0960	31	6	25
PSPPH_0961	71	33	38
PSPPH_0962	38	23	16
PSPPH_0963	74	37	37
PSPPH_0964	25	13	12
PSPPH_0965	0	0	0
PSPPH_0966	0	0	0
PSPPH_0967	51	32	19
PSPPH_0968	34	13	21
PSPPH_0969	31	14	17
PSPPH_0970	10	6	4
PSPPH_0971	1	0	2
PSPPH_0972	4	4	0
PSPPH_0973	2	2	1
PSPPH_0974	7	3	4
PSPPH_0975	19	7	12
PSPPH_0976	3	1	2
PSPPH_0977	13	4	9
PSPPH_0978	38	21	17
PSPPH_0979	82	36	46
PSPPH_0980	31	13	20
PSPPH_0981	24	11	14
PSPPH_0982	22	11	14
PSPPH_0983	23	12	16
PSPPH_0984	169	90	79
PSPPH_0985	19	9	10
PSPPH_0986	0	0	0
PSPPH_0987	2	0	2
PSPPH_0988	57	25	34
PSPPH_0989	29	12	17
PSPPH_0990	203	90	113
PSPPH_0991	132	62	71
PSPPH_0993	59	28	31
PSPPH_0994	21	14	7
PSPPH_0995	67	40	28
PSPPH_0996	62	30	32
PSPPH_0997	26	12	14
PSPPH_0998	49	23	26
PSPPH_0999	39	16	23
PSPPH_1000	8	3	5
PSPPH_1001	77	44	33
PSPPH_1002	7	4	3
PSPPH_1003	7	7	0
PSPPH_1004	9	4	5
PSPPH_1005	13	7	7
PSPPH_1006	14	6	9
PSPPH_1007	26	9	17
PSPPH_1008	18	12	6
PSPPH_1009	1	0	1
PSPPH_1010	29	12	17
PSPPH_1011	16	10	7
PSPPH_1012	29	8	21
PSPPH_1013	7	4	3
PSPPH_1014	90	45	45
PSPPH_1015	55	24	31
PSPPH_1016	62	33	32
PSPPH_1017	47	24	25
PSPPH_1018	31	18	15
PSPPH_1019	11	5	9
PSPPH_1020	8	5	3
PSPPH_1021	24	12	13
PSPPH_1022	7	2	5
PSPPH_1023	16	5	12
PSPPH_1024	63	29	35
PSPPH_1025	276	138	139
PSPPH_1026	6	3	3
PSPPH_1027	123	61	62
PSPPH_1028	54	29	25
PSPPH_1029	25	16	10
PSPPH_1030	28	15	13
PSPPH_1031	70	31	39
PSPPH_1032	7	3	4
PSPPH_1033	7	2	5
PSPPH_1034	20	10	10
PSPPH_1035	56	39	26
PSPPH_1036	43	22	30
PSPPH_1037	22	9	13
PSPPH_1038	22	14	8
PSPPH_1039	164	81	84
PSPPH_1040	99	57	43
PSPPH_1041	66	28	38
PSPPH_1043	11	11	0
PSPPH_1044	4	3	1
PSPPH_1045	3	0	4
PSPPH_1046	1	0	1
PSPPH_1047	0	0	0
PSPPH_1048	4	3	1
PSPPH_1049	21	12	9
PSPPH_1050	25	14	12
PSPPH_1051	8	0	8
PSPPH_1052	2	1	2
PSPPH_1053	4	3	2
PSPPH_1054	86	42	44
PSPPH_1055	13	7	6
PSPPH_1056	54	24	31
PSPPH_1057	9	13	9
PSPPH_1058	104	62	54
PSPPH_1059	54	28	27
PSPPH_1060	18	13	12
PSPPH_1061	10	9	9
PSPPH_1062	0	0	0
PSPPH_1063	12	3	9
PSPPH_1064	3	1	2
PSPPH_1065	1	1	0
PSPPH_1066	20	14	7
PSPPH_1067	119	65	63
PSPPH_1068	13	10	12
PSPPH_1069	22	13	11
PSPPH_1070	21	12	9
PSPPH_1071	19	7	13
PSPPH_1072	32	19	13
PSPPH_1073	6	5	1
PSPPH_1074	31	15	16
PSPPH_1075	9	5	4
PSPPH_1076	14	7	7
PSPPH_1077	2	1	1
PSPPH_1078	53	25	28
PSPPH_1079	13	5	8
PSPPH_1080	7	4	5
PSPPH_1081	6	3	5
PSPPH_1082	14	8	6
PSPPH_1083	7	3	5
PSPPH_1084	24	13	11
PSPPH_1085	11	8	4
PSPPH_1086	79	41	39
PSPPH_1088	8	3	5
PSPPH_1089	23	10	14
PSPPH_1090	333	176	157
PSPPH_1091	20	6	14
PSPPH_1092	23	12	11
PSPPH_1093	2	3	0
PSPPH_1094	4	4	0
PSPPH_1096	2	1	2
PSPPH_1097	15	10	7
PSPPH_1098	6	5	3
PSPPH_1099	43	20	26
PSPPH_1100	15	11	6
PSPPH_1101	11	6	7
PSPPH_1102	13	5	8
PSPPH_1103	0	0	0
PSPPH_1104	3	3	0
PSPPH_1105	18	6	12
PSPPH_1106	14	5	9
PSPPH_1107	106	42	64
PSPPH_1108	33	15	18
PSPPH_1109	20	14	8
PSPPH_1110	13	5	9
PSPPH_1111	22	11	11
PSPPH_1112	19	10	9
PSPPH_1113	15	8	7
PSPPH_1114	24	11	15
PSPPH_1115	16	9	7
PSPPH_1116	20	8	13
PSPPH_1117	28	14	14
PSPPH_1118	127	71	56
PSPPH_1119	19	13	6
PSPPH_1120	31	13	18
PSPPH_1121	175	90	86
PSPPH_1122	21	9	12
PSPPH_1123	9	6	3
PSPPH_1124	7	3	4
PSPPH_1125	1	1	0
PSPPH_1126	1	0	1
PSPPH_1127	8	5	3
PSPPH_1128	69	36	34
PSPPH_1129	40	21	20
PSPPH_1130	454	219	235
PSPPH_1131	91	55	36
PSPPH_1132	103	51	52
PSPPH_1133	85	40	45
PSPPH_1134	11	4	7
PSPPH_1135	6	6	1
PSPPH_1136	4	1	3
PSPPH_1137	7	4	3
PSPPH_1138	7	4	3
PSPPH_1139	12	4	8
PSPPH_1140	0	0	0
PSPPH_1141	0	0	0
PSPPH_1142	3	2	4
PSPPH_1143	22	6	16
PSPPH_1144	1	1	0
PSPPH_1145	33	19	27
PSPPH_1146	35	29	18
PSPPH_1148	174	95	79
PSPPH_1149	94	47	47
PSPPH_1150	16	9	8
PSPPH_1151	20	5	15
PSPPH_1152	8	4	5
PSPPH_1153	357	174	183
PSPPH_1154	17	9	9
PSPPH_1155	35	19	17
PSPPH_1156	25	12	13
PSPPH_1157	328	160	169
PSPPH_1158	27	13	14
PSPPH_1159	32	14	18
PSPPH_1160	270	152	118
PSPPH_1161	31	15	17
PSPPH_1162	114	53	64
PSPPH_1163	5	3	3
PSPPH_1164	0	0	0
PSPPH_1165	5	4	1
PSPPH_1166	38	16	23
PSPPH_1167	1	0	1
PSPPH_1168	17	4	13
PSPPH_1169	23	10	15
PSPPH_1170	27	14	14
PSPPH_1171	6	3	3
PSPPH_1172	4	4	1
PSPPH_1173	48	26	23
PSPPH_1174	15	9	6
PSPPH_1175	18	8	10
PSPPH_1176	1115	594	523
PSPPH_1177	291	163	131
PSPPH_1178	132	63	69
PSPPH_1179	61	28	33
PSPPH_1180	24	16	8
PSPPH_1181	386	197	190
PSPPH_1182	81	33	48
PSPPH_1183	22	9	13
PSPPH_1184	109	48	61
PSPPH_1185	1704	854	852
PSPPH_1186	14	9	5
PSPPH_1187	92	36	56
PSPPH_1188	425	211	216
PSPPH_1189	221	114	107
PSPPH_1190	180	86	94
PSPPH_1191	6	1	5
PSPPH_1192	13	7	7
PSPPH_1193	43	22	22
PSPPH_1194	9	6	3
PSPPH_1195	9	6	4
PSPPH_1196	12	9	3
PSPPH_1197	14	5	9
PSPPH_1198	4	2	2
PSPPH_1199	7	3	4
PSPPH_1200	8	4	4
PSPPH_1201	24	10	15
PSPPH_1203	4	4	0
PSPPH_1204	2	3	2
PSPPH_1205	27	17	13
PSPPH_1206	16	5	11
PSPPH_1207	26	12	14
PSPPH_1208	3	3	1
PSPPH_1209	44	22	24
PSPPH_1210	401	214	188
PSPPH_1211	1001	517	484
PSPPH_1212	173	85	88
PSPPH_1213	76	33	43
PSPPH_1214	198	102	98
PSPPH_1215	2	1	1
PSPPH_1216	36	21	15
PSPPH_1217	0	0	0
PSPPH_1218	171	104	83
PSPPH_1219	29	22	23
PSPPH_1220	36	19	18
PSPPH_1221	38	21	17
PSPPH_1222	58	29	29
PSPPH_1223	144	63	81
PSPPH_1224	23	8	16
PSPPH_1225	42	22	21
PSPPH_1226	65	25	40
PSPPH_1227	37	16	21
PSPPH_1229	13	9	5
PSPPH_1230	62	33	40
PSPPH_1231	2	8	5
PSPPH_1232	6	2	4
PSPPH_1233	6	5	1
PSPPH_1234	4	4	0
PSPPH_1235	4	2	2
PSPPH_1237	6	1	5
PSPPH_1239	7	5	2
PSPPH_1240	4	1	3
PSPPH_1242	9	6	3
PSPPH_1243	17	10	7
PSPPH_1244	12	8	6
PSPPH_1245	1	1	1
PSPPH_1246	20	11	9
PSPPH_1247	16	5	11
PSPPH_1248	8	3	5
PSPPH_1249	20	9	12
PSPPH_1250	4	1	3
PSPPH_1251	16	6	10
PSPPH_1252	6	4	2
PSPPH_1253	2	1	1
PSPPH_1254	10	7	5
PSPPH_1255	18	8	10
PSPPH_1256	6	3	4
PSPPH_1257	20	5	15
PSPPH_1258	2	2	1
PSPPH_1259	21	6	15
PSPPH_1260	8	5	3
PSPPH_1261	133	73	60
PSPPH_1264	2118	1066	1054
PSPPH_1265	139	66	74
PSPPH_1267	66	27	39
PSPPH_1268	155	84	73
PSPPH_1269	121	59	63
PSPPH_1270	69	33	36
PSPPH_1271	37	24	13
PSPPH_1272	7819	3796	4025
PSPPH_1273	4478	2214	2268
PSPPH_1274	386	190	196
PSPPH_1275	700	378	324
PSPPH_1276	107	64	43
PSPPH_1277	96	53	43
PSPPH_1278	174	79	95
PSPPH_1279	173	78	95
PSPPH_1280	836	417	420
PSPPH_5227	16	4	12
PSPPH_1281	116	52	64
PSPPH_1282	13	6	7
PSPPH_1283	11	6	5
PSPPH_1284	15	9	6
PSPPH_1285	51	30	21
PSPPH_1286	44	18	26
PSPPH_1287	109	60	49
PSPPH_1288	78	37	42
PSPPH_1289	39	17	22
PSPPH_1290	331	163	168
PSPPH_1291	302	137	165
PSPPH_1292	392	185	208
PSPPH_1293	164	78	86
PSPPH_1294	91	44	47
PSPPH_1295	2108	1082	1031
PSPPH_1296	601	289	312
PSPPH_1297	90	48	42
PSPPH_1299	35	15	20
PSPPH_1300	42	23	20
PSPPH_1301	37	17	20
PSPPH_1302	125	75	50
PSPPH_1303	59	43	16
PSPPH_1304	125	72	53
PSPPH_1305	93	41	55
PSPPH_1306	22	6	16
PSPPH_1307	20	7	13
PSPPH_1308	13	7	7
PSPPH_1309	192	97	96
PSPPH_1310	70	32	38
PSPPH_1311	28	13	15
PSPPH_1312	44	23	21
PSPPH_1313	78	41	39
PSPPH_1314	7	1	6
PSPPH_1315	5	3	2
PSPPH_1316	123	60	63
PSPPH_1317	102	53	52
PSPPH_1318	32	11	21
PSPPH_1319	73	29	44
PSPPH_1320	80	39	41
PSPPH_1321	55	26	30
PSPPH_1322	60	28	32
PSPPH_1323	117	45	72
PSPPH_1324	93	50	43
PSPPH_1325	71	30	41
PSPPH_1326	71	32	39
PSPPH_1327	24	18	7
PSPPH_1328	32	14	18
PSPPH_1329	391	186	205
PSPPH_1330	13	7	6
PSPPH_1331	40	19	24
PSPPH_1332	13	10	4
PSPPH_1333	185	100	85
PSPPH_1334	86	46	40
PSPPH_1335	24	13	14
PSPPH_1336	0	0	0
PSPPH_1337	14	5	9
PSPPH_1338	13	6	7
PSPPH_1339	9	5	5
PSPPH_1340	23	9	16
PSPPH_1341	428	219	212
PSPPH_1342	6	2	4
PSPPH_1343	6	5	3
PSPPH_1344	24	13	11
PSPPH_1345	37	15	22
PSPPH_1346	13	7	6
PSPPH_1347	2	0	2
PSPPH_1348	4	1	3
PSPPH_1349	95	47	50
PSPPH_1350	47	21	28
PSPPH_1351	9	4	5
PSPPH_1352	30	14	18
PSPPH_1353	133	59	77
PSPPH_1354	80	37	43
PSPPH_1355	69	32	37
PSPPH_1356	173	85	88
PSPPH_1357	50	28	22
PSPPH_1358	23	15	8
PSPPH_1359	38	20	18
PSPPH_1360	111	59	52
PSPPH_1361	140	78	62
PSPPH_1363	24	13	12
PSPPH_1364	14	4	10
PSPPH_1365	0	0	0
PSPPH_1366	11	5	6
PSPPH_1367	15	6	11
PSPPH_1368	15	7	9
PSPPH_1369	40	15	26
PSPPH_1370	25	15	15
PSPPH_1371	17	11	12
PSPPH_1372	0	0	0
PSPPH_1373	0	0	0
PSPPH_1374	18	9	11
PSPPH_1375	61	29	34
PSPPH_1376	9	5	4
PSPPH_1377	13	6	7
PSPPH_1378	116	55	61
PSPPH_1379	43	22	21
PSPPH_1380	113	60	53
PSPPH_1381	29	19	10
PSPPH_1382	27	19	8
PSPPH_1383	21	10	12
PSPPH_1384	19	11	8
PSPPH_1385	12	5	7
PSPPH_1386	5	2	3
PSPPH_1387	10	7	3
PSPPH_1388	86	42	44
PSPPH_1389	14	6	8
PSPPH_1390	4	3	1
PSPPH_1391	63	30	35
PSPPH_1392	0	3	5
PSPPH_1393	11	10	9
PSPPH_1394	9	4	5
PSPPH_1395	1	2	0
PSPPH_1396	3	3	5
PSPPH_1397	19	11	11
PSPPH_1399	14	4	10
PSPPH_1400	19	13	7
PSPPH_1401	23	10	13
PSPPH_1402	67	32	40
PSPPH_1403	23	18	10
PSPPH_1404	6	3	3
PSPPH_1405	4	2	2
PSPPH_1406	41	27	14
PSPPH_1407	34	21	13
PSPPH_1408	73	44	29
PSPPH_1409	45	20	25
PSPPH_1410	50	21	29
PSPPH_1411	64	36	31
PSPPH_1412	29	16	13
PSPPH_1413	42	17	26
PSPPH_1414	36	22	14
PSPPH_1415	80	40	40
PSPPH_1416	60	35	25
PSPPH_1417	942	485	459
PSPPH_1418	3	6	0
PSPPH_1419	94	51	46
PSPPH_1420	38	17	21
PSPPH_1421	207	103	104
PSPPH_1422	54	29	26
PSPPH_1423	22	10	13
PSPPH_1424	577	315	264
PSPPH_1425	51	27	24
PSPPH_1426	57	33	24
PSPPH_1427	82	41	41
PSPPH_1428	95	53	45
PSPPH_1429	101	59	43
PSPPH_1430	36	17	22
PSPPH_1431	35	19	16
PSPPH_1432	33	13	21
PSPPH_1433	27	17	11
PSPPH_1434	18	14	4
PSPPH_1435	45	21	24
PSPPH_1436	31	15	17
PSPPH_1437	5	3	4
PSPPH_1438	54	30	27
PSPPH_1439	12	14	15
PSPPH_1440	22	23	18
PSPPH_1441	2	1	1
PSPPH_1442	17	9	8
PSPPH_1443	74	40	34
PSPPH_1444	15	6	10
PSPPH_1445	1	1	2
PSPPH_1446	9	4	6
PSPPH_1448	0	0	0
PSPPH_1449	29	16	13
PSPPH_1450	0	0	0
PSPPH_1451	3	1	2
PSPPH_1452	0	0	0
PSPPH_1453	2	1	2
PSPPH_1454	0	0	0
PSPPH_1455	6	3	6
PSPPH_1456	13	5	11
PSPPH_1457	0	0	1
PSPPH_1458	1	1	0
PSPPH_1459	16	12	4
PSPPH_1460	14	3	11
PSPPH_1461	9	2	7
PSPPH_1462	50	31	19
PSPPH_1463	15	9	7
PSPPH_1464	34	18	18
PSPPH_1465	9	8	1
PSPPH_1466	27	16	11
PSPPH_1467	14	7	7
PSPPH_1468	33	20	13
PSPPH_1469	12	5	9
PSPPH_1470	6	8	4
PSPPH_1471	25	11	18
PSPPH_1472	27	10	17
PSPPH_1473	26	18	18
PSPPH_1474	7	9	9
PSPPH_1475	8	4	4
PSPPH_1476	11	7	4
PSPPH_1477	15	7	8
PSPPH_1478	35	17	18
PSPPH_1479	34	12	22
PSPPH_1480	115	51	64
PSPPH_1481	15	3	12
PSPPH_1482	44	27	18
PSPPH_1483	13	9	4
PSPPH_1484	228	119	110
PSPPH_1485	16	11	5
PSPPH_1487	3	3	0
PSPPH_1488	4	1	4
PSPPH_1489	4	4	1
PSPPH_1490	0	0	0
PSPPH_1491	0	0	0
PSPPH_1492	1	2	0
PSPPH_1493	12	7	7
PSPPH_1494	5	2	4
PSPPH_1495	56	27	29
PSPPH_1496	39	17	22
PSPPH_1497	39	21	18
PSPPH_1498	58	33	25
PSPPH_1499	378	179	200
PSPPH_1500	1	1	0
PSPPH_1501	2	2	0
PSPPH_1502	4	3	2
PSPPH_1503	2	0	2
PSPPH_1504	0	0	0
PSPPH_1505	2	1	1
PSPPH_1506	6	4	2
PSPPH_1507	6	4	2
PSPPH_1508	21	10	11
PSPPH_1509	36	20	16
PSPPH_1510	12	7	10
PSPPH_1511	25	10	19
PSPPH_1512	34	16	19
PSPPH_1513	32	16	16
PSPPH_1514	35	16	19
PSPPH_1515	64	38	30
PSPPH_1516	9	4	8
PSPPH_1517	81	39	43
PSPPH_1518	94	55	44
PSPPH_1519	50	30	20
PSPPH_1520	84	37	48
PSPPH_1521	3	1	3
PSPPH_1522	75	47	28
PSPPH_1523	16	11	6
PSPPH_1524	8	6	2
PSPPH_1525	376	203	180
PSPPH_1527	8	4	4
PSPPH_1528	1	1	1
PSPPH_1529	0	0	0
PSPPH_1530	24	17	7
PSPPH_1531	60	30	30
PSPPH_1532	63	33	30
PSPPH_1533	13	7	6
PSPPH_1534	14	8	7
PSPPH_1535	28	7	23
PSPPH_1536	37	18	19
PSPPH_1537	95	51	44
PSPPH_1538	118	58	60
PSPPH_1539	28	11	17
PSPPH_1540	80	38	42
PSPPH_1542	22	10	12
PSPPH_1543	19	8	11
PSPPH_1544	228	122	106
PSPPH_1545	286	125	162
PSPPH_1546	23	8	15
PSPPH_1547	41	24	17
PSPPH_1548	7	2	5
PSPPH_1549	12	7	12
PSPPH_1550	82	57	32
PSPPH_1551	6	7	3
PSPPH_1552	19	8	15
PSPPH_1553	5	3	2
PSPPH_1554	12	7	5
PSPPH_1556	42	20	22
PSPPH_1557	15	11	4
PSPPH_1558	94	48	46
PSPPH_1559	18	5	13
PSPPH_1560	13	7	8
PSPPH_1561	31	18	22
PSPPH_1562	16	12	16
PSPPH_1564	19	13	7
PSPPH_1565	17	10	9
PSPPH_1566	91	51	41
PSPPH_1567	40	21	28
PSPPH_1568	29	21	17
PSPPH_1569	32	12	21
PSPPH_1570	9	5	5
PSPPH_1571	39	19	20
PSPPH_1574	7	4	3
PSPPH_1575	62	32	31
PSPPH_1576	10	6	9
PSPPH_1577	28	15	18
PSPPH_1578	39	21	19
PSPPH_1579	27	17	24
PSPPH_1580	21	19	15
PSPPH_1581	7	3	4
PSPPH_1582	145	58	87
PSPPH_1583	13	5	8
PSPPH_1584	12	3	9
PSPPH_1585	9	6	4
PSPPH_1586	5	2	4
PSPPH_1587	366	184	183
PSPPH_1588	181	94	102
PSPPH_1589	40	29	25
PSPPH_1590	12	5	7
PSPPH_1591	4	1	3
PSPPH_1592	6	3	3
PSPPH_1593	18	8	10
PSPPH_1594	247	122	125
PSPPH_1595	2	1	1
PSPPH_1597	9	4	5
PSPPH_1599	57	37	20
PSPPH_1600	2	1	1
PSPPH_1601	61	29	32
PSPPH_1602	2	1	1
PSPPH_1603	7	3	4
PSPPH_1604	9	7	2
PSPPH_1605	186	102	84
PSPPH_1606	37	18	20
PSPPH_1607	5	2	4
PSPPH_1608	78	49	32
PSPPH_1609	0	1	2
PSPPH_1610	7	0	8
PSPPH_1611	8	5	3
PSPPH_1612	2	1	1
PSPPH_1613	13	7	7
PSPPH_1614	3	3	2
PSPPH_1615	0	1	1
PSPPH_1617	13	7	6
PSPPH_1619	17	9	8
PSPPH_1620	20	8	12
PSPPH_1621	296	157	143
PSPPH_1622	34	16	18
PSPPH_1623	18	9	9
PSPPH_1624	5	4	1
PSPPH_1626	54	33	22
PSPPH_1627	18	11	7
PSPPH_1628	18	10	8
PSPPH_1629	2	1	1
PSPPH_1630	40	23	17
PSPPH_1631	25	11	17
PSPPH_1632	358	178	182
PSPPH_1633	38	20	18
PSPPH_1634	15	10	5
PSPPH_1635	52	19	33
PSPPH_1636	9	6	3
PSPPH_1637	84	44	40
PSPPH_1638	2	1	1
PSPPH_1639	58	24	34
PSPPH_1640	187	94	93
PSPPH_1641	224	113	113
PSPPH_1642	270	128	142
PSPPH_1643	275	135	141
PSPPH_1644	44	22	22
PSPPH_1645	14	7	7
PSPPH_1646	29	13	16
PSPPH_1647	29	12	18
PSPPH_1648	19	12	7
PSPPH_1649	52	22	30
PSPPH_1650	11	3	9
PSPPH_1651	39	22	17
PSPPH_1652	8	4	4
PSPPH_1653	15	5	10
PSPPH_1654	60	25	35
PSPPH_1655	442	205	237
PSPPH_1656	27	13	14
PSPPH_1657	18	10	8
PSPPH_1658	61	36	25
PSPPH_1659	60	23	37
PSPPH_1660	29	16	13
PSPPH_1661	10	5	5
PSPPH_1662	127	70	57
PSPPH_1663	127	53	75
PSPPH_1664	33	21	12
PSPPH_1668	32	9	23
PSPPH_1669	41	14	28
PSPPH_1670	24	17	8
PSPPH_1671	30	21	10
PSPPH_1672	110	62	51
PSPPH_1673	26	19	7
PSPPH_1674	17	7	10
PSPPH_1675	2	1	1
PSPPH_1676	34	14	20
PSPPH_1677	105	58	48
PSPPH_1678	116	50	66
PSPPH_1679	110	48	64
PSPPH_1680	33	18	17
PSPPH_1681	29	17	12
PSPPH_1682	34	17	18
PSPPH_1683	27	16	11
PSPPH_1684	34	20	14
PSPPH_1685	22	10	12
PSPPH_1686	1029	529	502
PSPPH_1687	39	20	19
PSPPH_1691	28	16	12
PSPPH_1692	2	1	1
PSPPH_1693	1	1	4
PSPPH_1694	42	27	17
PSPPH_1695	42	20	22
PSPPH_1696	10	7	3
PSPPH_1697	280	147	133
PSPPH_1698	227	126	101
PSPPH_1699	617	310	307
PSPPH_1700	707	332	377
PSPPH_1701	252	122	130
PSPPH_1702	233	116	117
PSPPH_1703	259	121	138
PSPPH_1704	108	51	58
PSPPH_1705	12	7	5
PSPPH_1706	13	8	5
PSPPH_1707	27	9	18
PSPPH_1708	26	15	11
PSPPH_1709	63	38	25
PSPPH_1710	30	15	15
PSPPH_1711	50	25	25
PSPPH_1712	14	6	9
PSPPH_1713	7	4	5
PSPPH_1714	14	9	6
PSPPH_1715	41	23	18
PSPPH_1716	16	6	14
PSPPH_1717	11	11	4
PSPPH_1718	74	37	38
PSPPH_1719	52	27	33
PSPPH_1720	252	115	142
PSPPH_1721	261	133	128
PSPPH_1722	19	5	14
PSPPH_1723	9	2	7
PSPPH_1724	11	5	6
PSPPH_1725	5	3	3
PSPPH_1726	11	5	6
PSPPH_1727	9	4	5
PSPPH_1728	9	6	3
PSPPH_1729	30	25	9
PSPPH_1730	26	14	17
PSPPH_1732	0	0	0
PSPPH_1734	19	10	9
PSPPH_1735	0	0	0
PSPPH_1736	5	3	2
PSPPH_1737	19	12	8
PSPPH_1738	6	1	6
PSPPH_1739	4	4	1
PSPPH_1740	20	10	10
PSPPH_1741	0	0	0
PSPPH_1742	0	0	0
PSPPH_1743	16	7	9
PSPPH_1744	5	2	4
PSPPH_1745	5	4	2
PSPPH_1746	43	20	23
PSPPH_1747	11	8	7
PSPPH_1748	2	2	4
PSPPH_1749	108	53	58
PSPPH_1750	54	30	25
PSPPH_1751	134	68	67
PSPPH_1752	11	7	4
PSPPH_1753	22	10	13
PSPPH_1754	14	8	7
PSPPH_1755	0	0	0
PSPPH_1756	15	4	13
PSPPH_1757	1	0	2
PSPPH_1758	5	5	2
PSPPH_1759	1	0	3
PSPPH_1760	2	2	0
PSPPH_1761	20	10	11
PSPPH_1762	6	1	5
PSPPH_1763	28	11	17
PSPPH_1765	10	6	5
PSPPH_1766	9	4	5
PSPPH_1767	46	20	26
PSPPH_1768	11	9	3
PSPPH_1769	17	10	8
PSPPH_1770	7	3	4
PSPPH_1771	19	11	8
PSPPH_1772	24	16	8
PSPPH_1773	24	9	15
PSPPH_1774	116	62	56
PSPPH_1775	85	54	31
PSPPH_1776	20	6	14
PSPPH_1777	91	43	49
PSPPH_1778	110	56	54
PSPPH_1779	68	29	39
PSPPH_1780	25	16	9
PSPPH_1781	2	1	1
PSPPH_1782	7	2	6
PSPPH_1783	16	9	13
PSPPH_1784	13	5	8
PSPPH_1785	123	58	65
PSPPH_1786	56	31	25
PSPPH_1787	14	6	8
PSPPH_1788	20	12	9
PSPPH_1789	86	41	48
PSPPH_1790	16	14	8
PSPPH_1791	31	21	14
PSPPH_1792	25	8	17
PSPPH_1793	20	13	13
PSPPH_1794	2	6	2
PSPPH_1795	16	10	6
PSPPH_1796	21	15	13
PSPPH_1797	40	29	18
PSPPH_1798	65	36	33
PSPPH_1799	18	16	8
PSPPH_1800	0	0	0
PSPPH_1802	37	21	16
PSPPH_1803	11	12	12
PSPPH_1804	14	19	8
PSPPH_1805	35	13	22
PSPPH_1806	20	9	11
PSPPH_1807	8	5	3
PSPPH_1808	37	19	18
PSPPH_1809	77	39	40
PSPPH_1810	9	7	4
PSPPH_1811	9	3	6
PSPPH_1812	49	30	19
PSPPH_1813	5	2	3
PSPPH_1814	8	7	1
PSPPH_1815	37	22	15
PSPPH_1816	21	9	12
PSPPH_1817	0	0	0
PSPPH_1818	4	2	2
PSPPH_1819	32	16	16
PSPPH_1820	20	10	10
PSPPH_1821	4	5	6
PSPPH_1822	8	8	7
PSPPH_1823	14	8	6
PSPPH_1824	34	15	19
PSPPH_1825	70	37	33
PSPPH_1826	4	3	1
PSPPH_1827	118	58	60
PSPPH_1828	60	38	22
PSPPH_1829	26	12	16
PSPPH_1830	44	24	25
PSPPH_1831	34	20	19
PSPPH_1833	23	13	10
PSPPH_1834	39	20	19
PSPPH_1835	18	12	6
PSPPH_1836	14	10	8
PSPPH_1837	31	16	19
PSPPH_1838	2	0	2
PSPPH_1839	5	2	4
PSPPH_1840	0	0	0
PSPPH_1841	12	10	3
PSPPH_1842	38	22	16
PSPPH_1843	84	56	29
PSPPH_1844	0	0	0
PSPPH_1845	3	1	2
PSPPH_1847	33	12	22
PSPPH_1848	8	3	6
PSPPH_1849	38	16	23
PSPPH_1850	7	2	5
PSPPH_1851	101	58	45
PSPPH_1852	163	88	75
PSPPH_1853	11	5	7
PSPPH_1854	88	34	54
PSPPH_1855	43	25	18
PSPPH_1856	167	88	84
PSPPH_1857	38	23	20
PSPPH_1858	26	17	13
PSPPH_1859	19	10	13
PSPPH_1860	7	3	5
PSPPH_1861	13	11	2
PSPPH_1862	24	12	13
PSPPH_1863	15	8	7
PSPPH_1864	2	2	1
PSPPH_1865	52	32	24
PSPPH_1866	46	24	27
PSPPH_1867	112	56	58
PSPPH_1868	73	41	33
PSPPH_1869	141	75	66
PSPPH_1870	24	9	15
PSPPH_1871	50	20	30
PSPPH_1872	19	9	10
PSPPH_1873	9	4	6
PSPPH_1874	20	10	10
PSPPH_1875	0	0	0
PSPPH_1876	27	15	14
PSPPH_1878	1	0	1
PSPPH_1880	4	2	2
PSPPH_1881	0	0	0
PSPPH_1882	5	2	3
PSPPH_1883	10	3	7
PSPPH_1885	48	20	28
PSPPH_1886	69	26	43
PSPPH_1887	1	0	1
PSPPH_1888	4	3	1
PSPPH_1889	0	0	0
PSPPH_1890	1	1	0
PSPPH_1891	2	1	1
PSPPH_1892	1	0	1
PSPPH_1893	4	1	3
PSPPH_1894	5	3	2
PSPPH_1895	0	0	0
PSPPH_1896	54	31	24
PSPPH_1897	178	89	91
PSPPH_1898	52	24	29
PSPPH_1899	11	6	5
PSPPH_1900	3	3	1
PSPPH_1901	25	15	10
PSPPH_1902	3	2	1
PSPPH_1903	104	79	66
PSPPH_1904	35	30	46
PSPPH_1905	60	25	38
PSPPH_1906	35	15	20
PSPPH_1907	14	6	8
PSPPH_1908	2	0	2
PSPPH_1909	5	2	3
PSPPH_1910	3	3	0
PSPPH_1911	59	36	26
PSPPH_1912	20	4	16
PSPPH_1913	9	2	7
PSPPH_1914	6	4	2
PSPPH_1915	0	0	0
PSPPH_1916	6	5	1
PSPPH_1917	2	2	0
PSPPH_1918	1	1	0
PSPPH_1919	0	0	0
PSPPH_1920	2	0	2
PSPPH_1921	6	4	3
PSPPH_1922	4	3	1
PSPPH_1923	8	3	5
PSPPH_1924	28	11	18
PSPPH_1925	29	12	18
PSPPH_1926	28	14	17
PSPPH_1927	17	11	6
PSPPH_1928	10	6	4
PSPPH_1929	9	3	6
PSPPH_1930	5	2	3
PSPPH_1931	6	7	0
PSPPH_1932	1	0	1
PSPPH_1933	12	9	3
PSPPH_1934	3	1	2
PSPPH_1935	3	3	1
PSPPH_1936	0	0	0
PSPPH_1937	13	11	4
PSPPH_1938	2	2	0
PSPPH_1939	154	76	78
PSPPH_1940	3	6	8
PSPPH_1941	135	81	65
PSPPH_1942	102	57	45
PSPPH_1947	14	5	9
PSPPH_1948	14	9	5
PSPPH_1949	837	452	387
PSPPH_1950	53	33	22
PSPPH_1951	14	4	10
PSPPH_1952	241	128	114
PSPPH_1953	63	39	24
PSPPH_1954	150	87	64
PSPPH_1955	176	78	98
PSPPH_1956	135	68	68
PSPPH_1957	32	16	16
PSPPH_1958	70	37	35
PSPPH_1959	36	15	22
PSPPH_1960	29	16	17
PSPPH_1961	33	25	12
PSPPH_1962	30	18	21
PSPPH_1963	188	101	97
PSPPH_1964	232	117	115
PSPPH_1965	347	157	190
PSPPH_1966	32	18	14
PSPPH_1967	67	38	29
PSPPH_1968	53	22	31
PSPPH_1969	71	34	38
PSPPH_1970	12	6	6
PSPPH_1971	30	11	20
PSPPH_1972	48	22	26
PSPPH_1973	17	8	9
PSPPH_1974	490	247	247
PSPPH_1975	0	0	1
PSPPH_1976	120	65	56
PSPPH_1977	60	31	29
PSPPH_1978	507	275	233
PSPPH_1979	331	171	160
PSPPH_1980	1200	574	627
PSPPH_1981	518	253	265
PSPPH_1982	793	389	404
PSPPH_1983	1169	585	586
PSPPH_1984	806	398	409
PSPPH_1985	15	7	9
PSPPH_1986	44	26	18
PSPPH_1987	2109	1030	1080
PSPPH_1988	174	83	91
PSPPH_1989	264	133	132
PSPPH_1990	102	49	53
PSPPH_1992	0	0	0
PSPPH_1994	77	36	41
PSPPH_1995	14	3	12
PSPPH_1996	18	10	8
PSPPH_1997	25	9	16
PSPPH_1998	32	17	15
PSPPH_1999	12	7	5
PSPPH_2000	14	7	7
PSPPH_2001	81	42	44
PSPPH_2002	18	12	11
PSPPH_2003	22	10	12
PSPPH_2004	69	38	31
PSPPH_2005	10	6	4
PSPPH_2006	0	0	0
PSPPH_2007	11	8	4
PSPPH_2009	4	3	1
PSPPH_2010	9	6	3
PSPPH_2011	29	16	13
PSPPH_2012	6	1	5
PSPPH_2013	14	7	7
PSPPH_2014	1	0	1
PSPPH_2015	0	0	0
PSPPH_2016	0	0	0
PSPPH_2017	16	5	11
PSPPH_2018	4	1	3
PSPPH_2019	0	0	0
PSPPH_2020	1	1	0
PSPPH_2021	147	76	72
PSPPH_2022	21	9	13
PSPPH_2023	35	13	22
PSPPH_2024	68	40	28
PSPPH_2025	34	20	14
PSPPH_2026	34	24	10
PSPPH_2027	33	16	17
PSPPH_2028	45	30	27
PSPPH_2029	10	13	9
PSPPH_2030	26	12	14
PSPPH_2031	26	9	17
PSPPH_2032	23	11	13
PSPPH_2035	17	7	10
PSPPH_2036	14	8	8
PSPPH_2037	33	21	14
PSPPH_2038	9	7	8
PSPPH_2039	23	14	15
PSPPH_2040	6	3	3
PSPPH_2041	67	40	27
PSPPH_2042	2363	1218	1146
PSPPH_2043	93	39	54
PSPPH_2044	102	54	48
PSPPH_2045	86	51	35
PSPPH_2046	49	31	18
PSPPH_2047	34	17	18
PSPPH_2048	107	50	64
PSPPH_2049	40	21	27
PSPPH_2050	29	10	22
PSPPH_2051	34	19	17
PSPPH_2052	12	5	7
PSPPH_2053	22	10	12
PSPPH_2054	7	6	1
PSPPH_2055	55	30	25
PSPPH_2056	97	46	51
PSPPH_2057	180	95	86
PSPPH_2058	212	115	97
PSPPH_2059	75	40	41
PSPPH_2060	41	23	26
PSPPH_2061	469	243	229
PSPPH_2062	52	30	22
PSPPH_2063	76	37	39
PSPPH_2064	60	27	33
PSPPH_2065	20	14	6
PSPPH_2066	85	44	41
PSPPH_2067	232	117	115
PSPPH_2068	4046	2047	2001
PSPPH_2069	2	1	1
PSPPH_2070	15	10	6
PSPPH_2071	5	3	2
PSPPH_2072	7	5	4
PSPPH_2073	3	2	1
PSPPH_2074	10	6	4
PSPPH_2075	3	1	3
PSPPH_2076	18	8	11
PSPPH_2077	45	27	19
PSPPH_2078	880	475	406
PSPPH_2079	59	34	26
PSPPH_2080	34	15	23
PSPPH_2081	76	31	49
PSPPH_2082	17	10	9
PSPPH_2083	1	0	1
PSPPH_2084	4	4	0
PSPPH_2085	2	2	0
PSPPH_2086	0	0	2
PSPPH_2087	0	0	0
PSPPH_2088	27	13	14
PSPPH_2089	7	2	5
PSPPH_2090	0	0	0
PSPPH_2091	16	6	10
PSPPH_2092	0	0	0
PSPPH_2093	8	6	2
PSPPH_2094	15	5	10
PSPPH_2095	38	22	18
PSPPH_2096	22	7	16
PSPPH_2097	21	14	7
PSPPH_2098	47	23	25
PSPPH_2099	84	44	41
PSPPH_2100	25	14	12
PSPPH_2101	64	37	28
PSPPH_2102	38	24	14
PSPPH_2103	1	0	1
PSPPH_2104	43	23	20
PSPPH_2105	137	73	64
PSPPH_2106	15	7	12
PSPPH_2107	27	14	17
PSPPH_2108	13	4	9
PSPPH_2109	116	47	69
PSPPH_2110	43	25	19
PSPPH_2111	64	27	37
PSPPH_2112	121	61	60
PSPPH_2113	111	80	42
PSPPH_2114	46	30	27
PSPPH_2115	7	7	11
PSPPH_2116	29	20	20
PSPPH_2117	86	43	44
PSPPH_2118	84	42	43
PSPPH_2119	18	11	7
PSPPH_2120	51	32	22
PSPPH_2121	14	8	9
PSPPH_2122	13	5	8
PSPPH_2123	6	2	4
PSPPH_2124	22	10	12
PSPPH_2125	198	95	103
PSPPH_2126	103	51	53
PSPPH_2127	27	14	13
PSPPH_2128	22	14	8
PSPPH_2129	22	10	12
PSPPH_2130	28	15	13
PSPPH_2131	162	81	97
PSPPH_2132	15	23	8
PSPPH_2133	62	22	40
PSPPH_2134	75	35	40
PSPPH_2135	217	113	105
PSPPH_2136	721	377	344
PSPPH_2137	133	62	71
PSPPH_2138	351	166	185
PSPPH_2139	55	30	26
PSPPH_2140	155	77	79
PSPPH_2141	105	50	55
PSPPH_2142	72	33	39
PSPPH_2144	3	0	3
PSPPH_2145	9	6	4
PSPPH_2146	1	1	0
PSPPH_2147	5	5	1
PSPPH_2148	1	1	1
PSPPH_2149	3	4	0
PSPPH_2150	12	5	7
PSPPH_2151	26	13	13
PSPPH_2152	2	1	2
PSPPH_2153	3	2	1
PSPPH_2154	11	1	10
PSPPH_2155	1	1	0
PSPPH_2156	12	7	5
PSPPH_2158	30	17	13
PSPPH_2159	33	14	19
PSPPH_2160	11	3	9
PSPPH_2161	17	8	9
PSPPH_2162	8	4	4
PSPPH_2163	30	12	19
PSPPH_2164	4	1	3
PSPPH_2165	5	3	2
PSPPH_2166	3	2	3
PSPPH_2167	3	2	1
PSPPH_2168	6	1	5
PSPPH_2170	0	0	0
PSPPH_2172	6	4	2
PSPPH_2173	1	0	1
PSPPH_2174	5	4	1
PSPPH_2175	19	13	8
PSPPH_2176	6	5	3
PSPPH_2177	7	3	4
PSPPH_2179	26	11	15
PSPPH_2180	0	0	0
PSPPH_2181	8	5	5
PSPPH_2182	17	2	15
PSPPH_2183	3	1	3
PSPPH_2185	173	83	91
PSPPH_2186	507	246	262
PSPPH_2187	25	11	15
PSPPH_2188	3	2	1
PSPPH_2189	3	1	2
PSPPH_2190	2	0	2
PSPPH_2191	8	3	5
PSPPH_2192	16	12	4
PSPPH_2193	9	5	7
PSPPH_2194	8	2	9
PSPPH_2195	18	9	10
PSPPH_2196	40	19	22
PSPPH_2198	30	18	12
PSPPH_2199	85	43	42
PSPPH_2200	23	16	8
PSPPH_2201	10	3	8
PSPPH_2202	5	3	2
PSPPH_2203	48	18	30
PSPPH_2204	28	13	19
PSPPH_2205	41	20	25
PSPPH_2206	0	0	0
PSPPH_2207	7	3	4
PSPPH_2208	7	5	3
PSPPH_2209	239	124	115
PSPPH_2210	84	56	65
PSPPH_2211	62	49	49
PSPPH_2212	81	32	50
PSPPH_2213	20	14	9
PSPPH_2214	8	6	2
PSPPH_2215	5	3	2
PSPPH_2216	28	13	15
PSPPH_2218	9	5	5
PSPPH_2219	9	4	7
PSPPH_2220	408	209	206
PSPPH_2221	20	15	10
PSPPH_2222	12	4	8
PSPPH_2223	46	29	17
PSPPH_2224	36	18	19
PSPPH_2225	84	48	36
PSPPH_2226	34	15	19
PSPPH_2227	19	18	21
PSPPH_2228	168	99	90
PSPPH_2229	70	36	40
PSPPH_2230	3	5	3
PSPPH_2231	9	3	6
PSPPH_2232	23	9	14
PSPPH_2233	4	6	1
PSPPH_2234	7	7	3
PSPPH_2235	31	19	12
PSPPH_2236	6	5	1
PSPPH_2237	26	15	11
PSPPH_2238	66	33	35
PSPPH_2239	10	6	6
PSPPH_2240	5	3	2
PSPPH_2241	5	3	2
PSPPH_2242	8	3	6
PSPPH_2243	75	36	40
PSPPH_2244	80	43	37
PSPPH_2245	77	36	42
PSPPH_2246	63	24	39
PSPPH_2247	35	14	21
PSPPH_2248	54	33	21
PSPPH_2249	31	17	15
PSPPH_2250	97	50	48
PSPPH_2251	159	85	74
PSPPH_2253	39	23	16
PSPPH_2255	23	15	8
PSPPH_2256	1	1	0
PSPPH_2257	13	8	10
PSPPH_2258	14	16	7
PSPPH_2259	4	2	5
PSPPH_2260	216	92	124
PSPPH_2261	128	55	73
PSPPH_2262	40	30	25
PSPPH_2263	294	135	174
PSPPH_2264	140	81	63
PSPPH_2265	323	162	162
PSPPH_2266	93	50	43
PSPPH_2267	33	17	20
PSPPH_2268	18	13	9
PSPPH_2269	72	33	39
PSPPH_2270	20	7	13
PSPPH_2271	10	9	1
PSPPH_2272	9	6	5
PSPPH_2273	3	1	2
PSPPH_2274	7	3	8
PSPPH_2275	1	0	3
PSPPH_2276	1	0	1
PSPPH_2277	1	0	1
PSPPH_2278	7	4	3
PSPPH_2279	13	10	4
PSPPH_2280	3	1	2
PSPPH_2281	4	1	3
PSPPH_2282	7	4	4
PSPPH_2283	5	4	3
PSPPH_2285	1	1	0
PSPPH_2287	0	0	0
PSPPH_2288	0	0	0
PSPPH_2289	5	4	1
PSPPH_2290	6	2	4
PSPPH_2291	8	3	5
PSPPH_2292	5	3	3
PSPPH_2293	12	7	5
PSPPH_2295	21	13	8
PSPPH_2296	16	14	2
PSPPH_2297	2	0	2
PSPPH_2298	9	4	5
PSPPH_2299	11	7	7
PSPPH_2300	20	11	11
PSPPH_2301	8	8	1
PSPPH_2302	10	4	7
PSPPH_2303	30	12	18
PSPPH_2305	19	9	12
PSPPH_2306	8	2	6
PSPPH_2307	6	3	3
PSPPH_2308	1	0	1
PSPPH_2309	53	30	23
PSPPH_2310	54	30	24
PSPPH_2311	22	18	6
PSPPH_2312	0	0	0
PSPPH_2313	1	3	0
PSPPH_2314	13	10	3
PSPPH_2315	7	4	4
PSPPH_2316	21	9	14
PSPPH_2317	79	36	44
PSPPH_2318	10	8	6
PSPPH_2319	71	37	46
PSPPH_2320	19	17	11
PSPPH_2321	8	5	3
PSPPH_2322	1	0	1
PSPPH_2323	14	6	9
PSPPH_2324	25	12	13
PSPPH_2325	67	40	27
PSPPH_2326	19	11	8
PSPPH_2327	19	4	15
PSPPH_2328	73	42	31
PSPPH_2329	74	45	29
PSPPH_2330	31	10	21
PSPPH_2332	2	0	2
PSPPH_2333	8	5	4
PSPPH_2334	0	2	3
PSPPH_2335	2	4	1
PSPPH_2336	4	4	1
PSPPH_2337	112	47	69
PSPPH_2338	28	16	16
PSPPH_2339	45	18	28
PSPPH_2340	5	1	4
PSPPH_2341	37	21	16
PSPPH_2342	9	4	5
PSPPH_2343	0	3	2
PSPPH_2344	22	13	15
PSPPH_2346	5	3	2
PSPPH_2347	1	0	1
PSPPH_2349	39	23	18
PSPPH_2351	202	174	142
PSPPH_2350	0	41	51
PSPPH_2352	98	42	57
PSPPH_2353	11	7	4
PSPPH_2354	14	4	11
PSPPH_2356	44	28	16
PSPPH_2357	51	35	29
PSPPH_2358	79	50	41
PSPPH_2359	6	5	1
PSPPH_2360	33	21	13
PSPPH_2361	12	6	6
PSPPH_2362	7	5	2
PSPPH_2363	10	4	6
PSPPH_2364	5	1	4
PSPPH_2365	5	1	4
PSPPH_2366	43	28	16
PSPPH_2367	8	4	4
PSPPH_2368	1	0	1
PSPPH_2369	1	1	0
PSPPH_2370	6	1	5
PSPPH_2371	6	4	2
PSPPH_2372	3	1	2
PSPPH_2373	2	0	2
PSPPH_2374	4	3	1
PSPPH_2375	9	6	3
PSPPH_2376	8	5	4
PSPPH_2377	17	10	8
PSPPH_2378	4	2	2
PSPPH_2379	32	15	17
PSPPH_2380	11	3	8
PSPPH_2381	134	58	76
PSPPH_2383	10	9	2
PSPPH_2384	12	6	7
PSPPH_2385	70	33	37
PSPPH_2386	0	0	0
PSPPH_2387	6	0	6
PSPPH_2388	1	1	5
PSPPH_2389	40	17	23
PSPPH_2390	6	2	4
PSPPH_2391	110	58	52
PSPPH_2392	167	82	85
PSPPH_2393	1	1	0
PSPPH_2394	2	0	3
PSPPH_2395	2	2	0
PSPPH_2396	1	1	0
PSPPH_2397	4	1	3
PSPPH_2398	0	0	0
PSPPH_2399	12	6	6
PSPPH_2400	14	6	8
PSPPH_2402	16	11	6
PSPPH_2403	75	41	35
PSPPH_2404	34	24	10
PSPPH_2405	217	101	116
PSPPH_2406	29	14	21
PSPPH_2407	24	15	12
PSPPH_2408	41	30	16
PSPPH_2409	2	2	4
PSPPH_2410	26	16	10
PSPPH_2411	0	0	0
PSPPH_2412	6	3	3
PSPPH_2413	6	2	4
PSPPH_2414	2	0	3
PSPPH_2415	4	3	1
PSPPH_2416	9	3	6
PSPPH_2417	4	4	1
PSPPH_2418	1	0	1
PSPPH_2419	8	5	3
PSPPH_2420	4	2	6
PSPPH_2421	27	10	21
PSPPH_2422	8	5	3
PSPPH_2423	0	1	0
PSPPH_2424	2	2	0
PSPPH_2425	21	14	14
PSPPH_2426	83	43	47
PSPPH_2427	13	2	11
PSPPH_2428	14	8	6
PSPPH_2429	13	6	7
PSPPH_2430	7	5	2
PSPPH_2432	15	10	5
PSPPH_2433	41	24	18
PSPPH_2434	86	38	48
PSPPH_2435	45	23	22
PSPPH_2436	39	19	20
PSPPH_2437	3	1	2
PSPPH_2438	3	1	2
PSPPH_2439	28	13	15
PSPPH_2440	18	11	7
PSPPH_2441	2	1	1
PSPPH_2442	14	5	9
PSPPH_2443	6	2	8
PSPPH_2444	27	13	17
PSPPH_2445	37	19	18
PSPPH_2446	29	18	12
PSPPH_2447	31	18	19
PSPPH_2448	13	7	11
PSPPH_2450	0	0	0
PSPPH_2451	5	3	2
PSPPH_2452	2	2	0
PSPPH_2453	2	1	1
PSPPH_2454	9	6	4
PSPPH_2455	0	0	0
PSPPH_2456	5	1	5
PSPPH_2457	4	2	2
PSPPH_2458	1	1	1
PSPPH_2459	1	1	0
PSPPH_2460	8	5	3
PSPPH_2461	9	4	6
PSPPH_2462	8	3	5
PSPPH_2463	1	1	0
PSPPH_2464	1	0	1
PSPPH_2465	14	7	7
PSPPH_2466	9	7	6
PSPPH_2467	13	9	8
PSPPH_2468	5	2	3
PSPPH_2469	28	22	6
PSPPH_2470	71	35	56
PSPPH_2471	103	68	57
PSPPH_2472	9	5	5
PSPPH_2473	16	12	8
PSPPH_2474	106	65	45
PSPPH_2475	455	243	212
PSPPH_2476	50	23	27
PSPPH_2477	95	45	50
PSPPH_2478	39	24	17
PSPPH_2479	5	4	3
PSPPH_2480	8	4	5
PSPPH_2481	23	11	12
PSPPH_2482	12	6	7
PSPPH_2483	38	22	16
PSPPH_2484	2	1	1
PSPPH_2485	3	1	2
PSPPH_2486	13	9	5
PSPPH_2487	76	26	50
PSPPH_2488	18	7	11
PSPPH_2489	17	7	10
PSPPH_2490	33	17	19
PSPPH_2491	15	6	12
PSPPH_2492	17	8	9
PSPPH_2493	184	117	91
PSPPH_2494	20	15	28
PSPPH_2495	31	24	16
PSPPH_2496	21	14	15
PSPPH_2497	72	30	48
PSPPH_2498	18	15	9
PSPPH_2499	37	22	15
PSPPH_2500	2	0	2
PSPPH_2501	6	0	6
PSPPH_2502	1	0	1
PSPPH_2503	11	5	6
PSPPH_2504	50	22	28
PSPPH_2505	15	9	6
PSPPH_2506	85	46	40
PSPPH_2507	72	29	43
PSPPH_2508	31	21	13
PSPPH_2509	1647	793	858
PSPPH_2510	3	3	0
PSPPH_2512	4	2	2
PSPPH_2513	0	0	0
PSPPH_2514	24	10	14
PSPPH_2515	38	20	19
PSPPH_2516	7	6	1
PSPPH_2517	7	6	1
PSPPH_2518	0	0	0
PSPPH_2519	0	0	0
PSPPH_2520	9	8	3
PSPPH_2521	8	4	4
PSPPH_2522	1	5	4
PSPPH_2523	17	13	13
PSPPH_2524	1	2	0
PSPPH_2525	3	0	3
PSPPH_2526	1	1	1
PSPPH_2527	2	2	0
PSPPH_2528	1	1	0
PSPPH_2529	2	0	2
PSPPH_2530	8	2	6
PSPPH_2531	0	0	0
PSPPH_2532	6	1	5
PSPPH_2533	0	1	0
PSPPH_2534	1	1	0
PSPPH_2535	0	1	0
PSPPH_2536	1	1	0
PSPPH_2537	3	1	2
PSPPH_2538	6	5	6
PSPPH_2539	40	20	26
PSPPH_2540	26	18	8
PSPPH_2541	0	0	0
PSPPH_2542	1	0	1
PSPPH_2543	2	2	0
PSPPH_2545	122	50	72
PSPPH_2546	20	8	12
PSPPH_2547	16	8	8
PSPPH_2548	54	28	27
PSPPH_2549	20	10	14
PSPPH_2550	9	7	6
PSPPH_2551	27	15	14
PSPPH_2552	306	164	143
PSPPH_2553	221	126	127
PSPPH_2554	74	39	66
PSPPH_2555	22	14	20
PSPPH_2556	40	25	27
PSPPH_2557	16	2	14
PSPPH_2558	12	6	7
PSPPH_2559	55	39	17
PSPPH_2560	50	24	26
PSPPH_2561	12	12	7
PSPPH_2562	17	8	16
PSPPH_2563	28	15	13
PSPPH_2564	24	10	14
PSPPH_2565	42	24	18
PSPPH_2566	18	8	10
PSPPH_2567	10	4	6
PSPPH_2568	0	0	0
PSPPH_2569	16	6	11
PSPPH_2570	23	14	9
PSPPH_2571	67	33	36
PSPPH_2572	553	287	266
PSPPH_2573	20	9	11
PSPPH_2574	15	7	8
PSPPH_2575	112	53	59
PSPPH_2576	37	24	26
PSPPH_2577	61	43	31
PSPPH_2578	69	34	35
PSPPH_2579	12	7	9
PSPPH_2580	1	1	4
PSPPH_2581	3	1	2
PSPPH_2582	171	82	89
PSPPH_2583	9	8	1
PSPPH_2584	10	5	7
PSPPH_2585	246	124	122
PSPPH_2587	42	25	17
PSPPH_2588	14	5	9
PSPPH_2589	153	75	79
PSPPH_2590	39	22	17
PSPPH_2591	15	7	9
PSPPH_2592	67	30	38
PSPPH_2593	291	136	155
PSPPH_2594	90	51	41
PSPPH_2595	27	11	16
PSPPH_2596	208	111	97
PSPPH_2597	25	14	13
PSPPH_2598	22	13	14
PSPPH_2599	26	18	12
PSPPH_2600	26	16	10
PSPPH_2601	197	97	103
PSPPH_2602	31	12	19
PSPPH_2603	20	9	11
PSPPH_2604	49	24	25
PSPPH_2605	12	8	5
PSPPH_2606	59	34	26
PSPPH_2607	48	18	30
PSPPH_2608	45	25	21
PSPPH_2609	69	36	50
PSPPH_2610	7	9	15
PSPPH_2612	48	25	23
PSPPH_2613	40	29	12
PSPPH_2614	53	29	24
PSPPH_2615	21	13	8
PSPPH_2616	57	27	30
PSPPH_2617	53	28	25
PSPPH_2618	186	92	95
PSPPH_2619	46	17	35
PSPPH_2620	128	65	71
PSPPH_2621	49	23	27
PSPPH_2622	25	9	16
PSPPH_2623	72	40	32
PSPPH_2624	6	1	5
PSPPH_2626	36	16	20
PSPPH_2627	60	30	30
PSPPH_2629	137	71	66
PSPPH_2630	21	10	12
PSPPH_2631	24	15	9
PSPPH_2632	14	11	7
PSPPH_2633	11	2	13
PSPPH_2634	35	14	21
PSPPH_2635	13	4	9
PSPPH_2636	23	12	11
PSPPH_2637	55	31	25
PSPPH_2638	41	22	19
PSPPH_2639	168	89	80
PSPPH_2640	17	5	12
PSPPH_2641	30	12	19
PSPPH_2642	34	23	12
PSPPH_2643	35	18	17
PSPPH_2644	23	7	16
PSPPH_2645	60	35	25
PSPPH_2646	45	25	20
PSPPH_2647	38	15	24
PSPPH_2648	61	37	26
PSPPH_2650	13	6	7
PSPPH_2651	42	29	14
PSPPH_2652	46	27	21
PSPPH_2653	66	31	35
PSPPH_2654	13	8	5
PSPPH_2655	7	4	3
PSPPH_2656	14	7	7
PSPPH_2657	10	3	7
PSPPH_2658	9	4	5
PSPPH_2659	1	1	0
PSPPH_2660	20	11	9
PSPPH_2661	3	2	1
PSPPH_2662	7	2	5
PSPPH_2663	14	8	6
PSPPH_2664	20	7	13
PSPPH_2665	18	7	11
PSPPH_2666	31	15	16
PSPPH_2667	91	46	45
PSPPH_2668	36	28	21
PSPPH_2669	30	24	19
PSPPH_2670	5	3	3
PSPPH_2671	58	28	36
PSPPH_2672	10	9	4
PSPPH_2673	7	3	4
PSPPH_2674	3	1	2
PSPPH_2675	7	6	1
PSPPH_2676	7	4	3
PSPPH_2677	17	12	5
PSPPH_2678	7	4	3
PSPPH_2679	33	16	17
PSPPH_2680	33	14	19
PSPPH_2681	6	11	8
PSPPH_2682	14	13	15
PSPPH_2683	22	6	18
PSPPH_2684	17	9	10
PSPPH_2685	7	5	6
PSPPH_2686	9	11	3
PSPPH_2687	7	3	5
PSPPH_2688	8	6	2
PSPPH_2689	10	6	4
PSPPH_2690	100	40	64
PSPPH_2691	115	61	57
PSPPH_2692	8	3	5
PSPPH_2693	12	3	9
PSPPH_2694	17	6	11
PSPPH_2695	11	6	7
PSPPH_2696	3	3	0
PSPPH_2697	5	5	0
PSPPH_2698	6	4	2
PSPPH_2699	14	7	7
PSPPH_2700	6	3	3
PSPPH_2701	3	2	1
PSPPH_2702	11	8	3
PSPPH_2703	1	1	0
PSPPH_2704	16	7	10
PSPPH_2705	11	5	6
PSPPH_2706	3	0	3
PSPPH_2707	11	8	7
PSPPH_2708	0	0	0
PSPPH_2709	3	1	2
PSPPH_2710	16	8	9
PSPPH_2711	6	1	5
PSPPH_2712	8	4	5
PSPPH_2713	20	7	14
PSPPH_2714	19	8	11
PSPPH_2715	6	2	4
PSPPH_2716	13	6	7
PSPPH_2717	6	5	1
PSPPH_2718	15	8	7
PSPPH_2719	8	7	1
PSPPH_2720	1	0	1
PSPPH_2721	1	1	0
PSPPH_2722	0	0	0
PSPPH_2723	21	11	10
PSPPH_2724	13	7	7
PSPPH_2725	11	7	4
PSPPH_2726	3	1	2
PSPPH_2727	8	3	5
PSPPH_2728	10	4	6
PSPPH_2730	5	4	1
PSPPH_2731	10	5	5
PSPPH_2732	50	28	24
PSPPH_2733	13	11	3
PSPPH_2734	13	10	3
PSPPH_2735	12	9	3
PSPPH_2736	17	11	6
PSPPH_2737	8	4	5
PSPPH_2738	27	10	18
PSPPH_2739	9	3	6
PSPPH_2740	9	2	7
PSPPH_2741	6	4	2
PSPPH_2742	8	5	4
PSPPH_2743	6	0	6
PSPPH_2744	5	1	4
PSPPH_2745	3	1	2
PSPPH_2746	9	1	8
PSPPH_2747	11	4	7
PSPPH_2748	11	6	5
PSPPH_2749	41	19	22
PSPPH_2750	27	19	8
PSPPH_2751	13	7	6
PSPPH_2752	15	11	4
PSPPH_2753	10	6	4
PSPPH_2754	16	8	9
PSPPH_2755	8	6	3
PSPPH_2756	32	18	16
PSPPH_2757	18	12	6
PSPPH_2758	18	10	8
PSPPH_2759	18	8	10
PSPPH_2760	6	3	4
PSPPH_2761	10	6	5
PSPPH_2762	7	5	5
PSPPH_2763	5	4	4
PSPPH_2764	17	11	6
PSPPH_2766	25	12	13
PSPPH_2767	0	0	0
PSPPH_2768	5	1	6
PSPPH_2769	0	0	0
PSPPH_2770	9	4	5
PSPPH_2771	8	2	7
PSPPH_2772	5	3	3
PSPPH_2773	8	3	5
PSPPH_2774	15	10	5
PSPPH_2775	39	19	21
PSPPH_2776	3	3	1
PSPPH_2777	10	4	7
PSPPH_2778	1	1	0
PSPPH_2779	35	19	16
PSPPH_2780	12	7	6
PSPPH_2781	12	6	7
PSPPH_2782	0	1	0
PSPPH_2783	16	9	7
PSPPH_2784	2	1	1
PSPPH_2785	3	2	1
PSPPH_2786	6	2	4
PSPPH_2787	8	7	2
PSPPH_2788	3	2	3
PSPPH_2789	9	3	6
PSPPH_2790	11	4	7
PSPPH_2791	13	3	11
PSPPH_2792	63	35	28
PSPPH_2793	59	33	27
PSPPH_2795	13	4	11
PSPPH_2796	13	6	7
PSPPH_2797	0	0	0
PSPPH_2798	2	2	0
PSPPH_2799	0	0	0
PSPPH_2800	6	3	3
PSPPH_2801	51	32	24
PSPPH_2802	6	5	3
PSPPH_2803	3	0	4
PSPPH_2804	13	12	2
PSPPH_2805	3	1	2
PSPPH_2806	2	1	1
PSPPH_2807	1	1	0
PSPPH_2808	3	2	1
PSPPH_2809	13	8	7
PSPPH_2810	45	26	21
PSPPH_2811	4	3	2
PSPPH_2812	6	3	3
PSPPH_2813	29	17	14
PSPPH_2814	0	0	0
PSPPH_2815	3	1	2
PSPPH_2817	3	5	1
PSPPH_2818	7	3	7
PSPPH_2819	5	4	3
PSPPH_2820	1	2	0
PSPPH_2822	0	0	0
PSPPH_2823	14	7	7
PSPPH_2824	59	28	31
PSPPH_2825	1	0	1
PSPPH_2826	15	10	5
PSPPH_2827	7	4	3
PSPPH_2828	16	9	7
PSPPH_2829	6	5	1
PSPPH_2831	9	6	4
PSPPH_2832	13	6	8
PSPPH_2833	8	1	7
PSPPH_2834	19	10	9
PSPPH_2835	3	1	3
PSPPH_2836	1	1	0
PSPPH_2837	6	6	1
PSPPH_2838	7	5	2
PSPPH_2839	6	4	2
PSPPH_2840	11	5	6
PSPPH_2841	41	18	29
PSPPH_2842	36	20	21
PSPPH_2843	15	18	17
PSPPH_2844	4	13	11
PSPPH_2845	2	1	1
PSPPH_2846	5	2	3
PSPPH_2847	6	3	4
PSPPH_2848	5	2	3
PSPPH_2849	39	23	16
PSPPH_2850	2	0	2
PSPPH_2851	3	2	2
PSPPH_2852	9	4	5
PSPPH_2853	2	1	1
PSPPH_2854	11	1	10
PSPPH_2855	16	7	9
PSPPH_2856	13	5	9
PSPPH_2857	9	3	6
PSPPH_2858	23	11	12
PSPPH_2859	16	8	8
PSPPH_2860	61	36	25
PSPPH_2861	14	8	6
PSPPH_2862	22	17	11
PSPPH_2863	8	4	11
PSPPH_2864	0	0	0
PSPPH_2865	13	9	4
PSPPH_2866	8	2	6
PSPPH_2867	5	4	6
PSPPH_2868	31	17	19
PSPPH_2869	25	11	17
PSPPH_2870	34	18	21
PSPPH_2871	10	7	7
PSPPH_2872	31	9	22
PSPPH_2873	14	8	6
PSPPH_2875	1	1	0
PSPPH_2876	2	1	1
PSPPH_2877	8	3	5
PSPPH_2878	23	8	16
PSPPH_2879	9	4	5
PSPPH_2880	174	88	88
PSPPH_2881	12	5	7
PSPPH_2882	17	11	6
PSPPH_2883	10	2	8
PSPPH_2884	6	5	1
PSPPH_2885	10	5	5
PSPPH_2887	4	0	4
PSPPH_2888	3	0	3
PSPPH_2889	5	3	3
PSPPH_2890	8	4	4
PSPPH_2891	14	8	6
PSPPH_2892	9	6	5
PSPPH_2893	41	20	25
PSPPH_2894	14	10	5
PSPPH_2895	14	6	9
PSPPH_2896	90	42	49
PSPPH_2897	99	50	50
PSPPH_2898	10	8	2
PSPPH_2899	114	64	58
PSPPH_2900	15	5	10
PSPPH_2901	9	3	7
PSPPH_2902	11	3	8
PSPPH_2903	6	3	3
PSPPH_2904	19	14	5
PSPPH_2905	8	3	6
PSPPH_2906	13	5	8
PSPPH_2907	23	13	13
PSPPH_2908	28	9	22
PSPPH_2909	9	3	6
PSPPH_2910	162	90	73
PSPPH_2911	60	28	34
PSPPH_2912	18	17	6
PSPPH_2913	18	12	6
PSPPH_2914	15	10	6
PSPPH_2915	1	5	2
PSPPH_2916	7	1	6
PSPPH_2917	13	6	10
PSPPH_2918	11	9	5
PSPPH_2919	6	2	4
PSPPH_2920	9	4	6
PSPPH_2921	23	11	12
PSPPH_2922	100	51	50
PSPPH_2924	4	1	4
PSPPH_2925	15	9	7
PSPPH_2926	3	2	1
PSPPH_2927	33	25	9
PSPPH_2928	17	5	12
PSPPH_2929	20	10	10
PSPPH_2930	63	21	42
PSPPH_2931	37	19	18
PSPPH_2932	32	17	16
PSPPH_2933	23	11	15
PSPPH_2934	34	12	22
PSPPH_2935	17	8	10
PSPPH_2936	22	13	10
PSPPH_2937	38	21	17
PSPPH_2938	13	7	6
PSPPH_2939	8	6	4
PSPPH_2940	9	4	5
PSPPH_2941	11	3	9
PSPPH_2942	14	8	6
PSPPH_2943	77	51	27
PSPPH_2944	20	23	22
PSPPH_2945	36	31	29
PSPPH_2946	37	19	18
PSPPH_2947	27	18	9
PSPPH_2948	65	36	33
PSPPH_2949	16	7	13
PSPPH_2950	13	7	7
PSPPH_2951	13	6	7
PSPPH_2952	106	53	54
PSPPH_2953	17	9	8
PSPPH_2954	4	3	1
PSPPH_2955	42	13	32
PSPPH_2956	16	4	15
PSPPH_2957	15	6	10
PSPPH_2958	19	12	7
PSPPH_2959	16	7	9
PSPPH_2960	26	13	13
PSPPH_2961	11	7	4
PSPPH_2962	20	10	11
PSPPH_2963	1	1	0
PSPPH_2964	48	31	17
PSPPH_2965	10	5	5
PSPPH_2966	22	15	8
PSPPH_2967	55	27	29
PSPPH_2968	17	13	4
PSPPH_2969	8	7	1
PSPPH_2970	32	20	13
PSPPH_2971	100	42	58
PSPPH_2972	1	0	1
PSPPH_2973	4	1	3
PSPPH_2974	15	7	8
PSPPH_2975	7	7	2
PSPPH_2976	6	2	4
PSPPH_2977	13	5	8
PSPPH_2978	8	4	4
PSPPH_2979	5	0	5
PSPPH_2980	9	2	8
PSPPH_2981	11	5	6
PSPPH_2982	1	1	0
PSPPH_2983	36	17	20
PSPPH_2984	15	5	10
PSPPH_2986	54	34	20
PSPPH_2987	4	2	2
PSPPH_2988	3	1	2
PSPPH_2989	0	0	0
PSPPH_2990	12	5	7
PSPPH_2991	20	4	16
PSPPH_2992	0	0	0
PSPPH_2993	8	5	3
PSPPH_2994	11	5	11
PSPPH_2995	24	20	8
PSPPH_2996	7	3	4
PSPPH_2997	1	1	0
PSPPH_2998	100	53	48
PSPPH_2999	76	38	38
PSPPH_3000	43	30	14
PSPPH_3001	31	17	14
PSPPH_3002	130	72	59
PSPPH_3003	18	12	6
PSPPH_3004	30	18	13
PSPPH_3005	8	6	5
PSPPH_3006	20	9	11
PSPPH_3007	15	8	7
PSPPH_3008	10	8	2
PSPPH_3009	36	21	15
PSPPH_3010	4	4	0
PSPPH_3012	2	1	1
PSPPH_3013	8	5	3
PSPPH_3014	52	26	28
PSPPH_3015	7	7	3
PSPPH_3016	9	5	4
PSPPH_3017	8	5	5
PSPPH_3018	30	15	15
PSPPH_3019	17	10	7
PSPPH_3020	35	21	16
PSPPH_3021	5	4	2
PSPPH_3022	17	14	7
PSPPH_3023	63	32	42
PSPPH_3024	129	72	67
PSPPH_3025	13	4	9
PSPPH_3026	17	12	6
PSPPH_3027	15	6	9
PSPPH_3028	49	28	21
PSPPH_3030	9	4	7
PSPPH_3031	21	12	12
PSPPH_3032	24	5	20
PSPPH_3034	10	6	4
PSPPH_3035	39	23	17
PSPPH_3036	42	25	17
PSPPH_3037	38	17	23
PSPPH_3038	28	8	20
PSPPH_3039	43	15	28
PSPPH_3040	102	53	49
PSPPH_3041	29	18	11
PSPPH_3042	485	257	228
PSPPH_3043	151	82	70
PSPPH_3044	37	13	25
PSPPH_3045	27	14	18
PSPPH_3046	10	7	5
PSPPH_3047	6	4	3
PSPPH_3048	9	5	5
PSPPH_3049	12	6	6
PSPPH_3050	37	20	18
PSPPH_3052	11	5	6
PSPPH_3053	8	2	6
PSPPH_3054	47	17	30
PSPPH_3055	3	1	2
PSPPH_3056	2	1	1
PSPPH_3057	26	13	14
PSPPH_3058	21	14	7
PSPPH_3059	13	5	8
PSPPH_3060	7	4	4
PSPPH_3061	9	4	5
PSPPH_3062	5	5	0
PSPPH_3063	26	10	16
PSPPH_3064	30	13	17
PSPPH_3066	26	10	16
PSPPH_3067	17	11	6
PSPPH_3068	13	8	5
PSPPH_3070	168	85	84
PSPPH_3071	55	34	24
PSPPH_3072	19	11	12
PSPPH_3073	12	4	8
PSPPH_3075	5	0	5
PSPPH_3077	80	47	33
PSPPH_3079	16	11	9
PSPPH_3080	19	10	15
PSPPH_3081	16	7	9
PSPPH_3082	9	7	2
PSPPH_3083	8	3	5
PSPPH_3084	5	4	1
PSPPH_3085	2	1	1
PSPPH_3086	29	16	14
PSPPH_3088	71	32	39
PSPPH_3089	96	41	56
PSPPH_3090	8	3	5
PSPPH_3091	28	11	17
PSPPH_3092	25	10	15
PSPPH_3093	98	51	48
PSPPH_3094	15	7	8
PSPPH_3095	13	3	11
PSPPH_3096	58	35	30
PSPPH_3097	1393	714	689
PSPPH_3098	94	43	51
PSPPH_3099	81	28	53
PSPPH_3100	663	331	334
PSPPH_3101	13	6	7
PSPPH_3102	40	16	26
PSPPH_3103	13	7	6
PSPPH_3104	105	56	51
PSPPH_3105	33	18	16
PSPPH_3106	18	8	10
PSPPH_3107	29	18	11
PSPPH_3108	94	45	49
PSPPH_3109	71	47	24
PSPPH_3110	172	89	83
PSPPH_3111	353	162	191
PSPPH_3112	46	16	30
PSPPH_3113	232	112	122
PSPPH_3114	615	309	310
PSPPH_3115	78	45	33
PSPPH_3116	54	34	20
PSPPH_3117	40	25	15
PSPPH_3118	8	3	5
PSPPH_3119	200	99	102
PSPPH_3120	155	79	76
PSPPH_3121	131	64	68
PSPPH_3122	22	10	12
PSPPH_3123	12	5	10
PSPPH_3124	16	16	2
PSPPH_3125	24	15	9
PSPPH_3126	17	13	4
PSPPH_3127	26	14	13
PSPPH_3128	4	1	3
PSPPH_3129	5	4	1
PSPPH_3130	18	8	10
PSPPH_3136	30	21	12
PSPPH_3137	28	17	21
PSPPH_3138	259	115	155
PSPPH_3139	34	10	26
PSPPH_3140	18	11	7
PSPPH_3141	16	10	6
PSPPH_3142	11	7	7
PSPPH_3143	8	4	6
PSPPH_3144	59	28	32
PSPPH_3145	5	4	4
PSPPH_3146	15	6	9
PSPPH_3147	12	7	6
PSPPH_3148	11	4	8
PSPPH_3149	12	7	5
PSPPH_3150	10	5	7
PSPPH_3151	7	7	1
PSPPH_3153	13	9	4
PSPPH_3154	1	1	1
PSPPH_3155	15	8	7
PSPPH_3156	16	13	3
PSPPH_3157	22	12	11
PSPPH_3158	28	20	15
PSPPH_3159	16	12	8
PSPPH_3160	93	41	53
PSPPH_3161	85	43	42
PSPPH_3162	86	42	53
PSPPH_3163	19	12	16
PSPPH_3165	31	12	23
PSPPH_3166	21	18	6
PSPPH_3167	26	15	15
PSPPH_3168	21	9	13
PSPPH_3169	61	42	20
PSPPH_3170	26	13	14
PSPPH_3171	8	6	4
PSPPH_3172	67	41	30
PSPPH_3173	7	4	3
PSPPH_3175	22	10	13
PSPPH_3176	7	5	2
PSPPH_3177	5	15	8
PSPPH_3178	24	13	29
PSPPH_3179	10	5	5
PSPPH_3180	15	9	9
PSPPH_3181	62	32	31
PSPPH_3182	25	14	11
PSPPH_3183	93	58	35
PSPPH_3184	142	71	72
PSPPH_3185	97	47	54
PSPPH_3186	63	28	35
PSPPH_3187	10	5	5
PSPPH_3188	21	11	12
PSPPH_3189	38	20	20
PSPPH_3190	11	2	9
PSPPH_3191	21	14	8
PSPPH_3192	14	7	7
PSPPH_3195	31	20	19
PSPPH_3196	13	11	11
PSPPH_3197	21	14	7
PSPPH_3198	11	7	4
PSPPH_3199	60	37	37
PSPPH_3200	48	36	27
PSPPH_3201	53	27	27
PSPPH_3202	103	45	58
PSPPH_3203	28	9	19
PSPPH_3204	26	34	11
PSPPH_3205	17	12	25
PSPPH_3206	64	36	29
PSPPH_3207	208	119	90
PSPPH_3208	16	11	6
PSPPH_3209	194	100	95
PSPPH_3210	329	155	177
PSPPH_3211	0	2	1
PSPPH_3212	14	8	8
PSPPH_3213	52	24	29
PSPPH_3214	96	44	52
PSPPH_3215	86	57	34
PSPPH_3216	38	21	22
PSPPH_3217	23	11	15
PSPPH_3218	0	1	0
PSPPH_3219	27	17	11
PSPPH_3220	36	22	22
PSPPH_3221	23	19	14
PSPPH_3222	28	18	12
PSPPH_3223	43	24	21
PSPPH_3224	26	11	15
PSPPH_3225	87	55	33
PSPPH_3226	30	12	18
PSPPH_3227	37	18	20
PSPPH_3228	41	26	16
PSPPH_3229	21	13	9
PSPPH_3230	23	14	15
PSPPH_3231	13	6	8
PSPPH_3232	22	16	15
PSPPH_3233	9	9	5
PSPPH_3234	14	7	7
PSPPH_3235	18	11	7
PSPPH_3236	6	2	5
PSPPH_3237	40	23	17
PSPPH_3238	1296	660	637
PSPPH_3239	138	67	71
PSPPH_3240	2	7	4
PSPPH_3241	79	37	53
PSPPH_3242	21	9	13
PSPPH_3243	98	57	42
PSPPH_3244	34	26	23
PSPPH_3245	76	45	49
PSPPH_3246	70	41	29
PSPPH_3247	19	13	13
PSPPH_3248	42	26	24
PSPPH_3249	41	25	21
PSPPH_3250	35	18	19
PSPPH_3251	6	2	4
PSPPH_3252	130	63	67
PSPPH_3253	72	36	38
PSPPH_3254	57	30	29
PSPPH_3255	14	13	15
PSPPH_3256	24	15	20
PSPPH_3257	22	10	12
PSPPH_3258	29	20	10
PSPPH_3259	37	19	20
PSPPH_3260	22	11	11
PSPPH_3261	8	3	7
PSPPH_3262	20	9	11
PSPPH_3263	55	27	29
PSPPH_3264	17	9	9
PSPPH_3265	13	13	3
PSPPH_3266	31	18	15
PSPPH_3267	16	14	5
PSPPH_3268	35	22	14
PSPPH_3269	27	10	17
PSPPH_3270	8	5	15
PSPPH_3271	44	31	27
PSPPH_3272	26	12	18
PSPPH_3273	18	7	13
PSPPH_3274	242	119	124
PSPPH_3275	10	7	7
PSPPH_3276	64	29	43
PSPPH_3277	5	4	1
PSPPH_3278	7	2	5
PSPPH_3279	30	25	18
PSPPH_3280	35	16	30
PSPPH_3282	12	7	6
PSPPH_3283	28	9	19
PSPPH_3284	35	22	18
PSPPH_3285	7	6	6
PSPPH_3286	8	3	5
PSPPH_3287	29	14	15
PSPPH_3288	15	8	8
PSPPH_3289	33	21	13
PSPPH_3290	44	25	20
PSPPH_3291	50	30	20
PSPPH_3292	53	23	30
PSPPH_3293	324	148	179
PSPPH_3294	22	13	9
PSPPH_3295	16	11	8
PSPPH_3296	15	10	8
PSPPH_3297	4	4	2
PSPPH_3298	16	9	11
PSPPH_3299	1	2	0
PSPPH_3300	6	4	3
PSPPH_3301	10	8	4
PSPPH_3302	18	12	10
PSPPH_3303	19	11	10
PSPPH_3304	33	16	18
PSPPH_3305	18	10	9
PSPPH_3306	17	7	11
PSPPH_3307	8	4	4
PSPPH_3308	3	1	2
PSPPH_3309	17	5	13
PSPPH_3310	15	11	4
PSPPH_3311	1	0	1
PSPPH_3312	6	4	2
PSPPH_3313	11	9	2
PSPPH_3314	6	4	3
PSPPH_3315	32	11	21
PSPPH_3316	10	5	8
PSPPH_3317	24	12	21
PSPPH_3318	39	32	13
PSPPH_3320	13	4	10
PSPPH_3321	0	0	0
PSPPH_3322	20	13	8
PSPPH_3323	37	20	18
PSPPH_3324	29	12	18
PSPPH_3325	24	9	17
PSPPH_3326	285	148	138
PSPPH_3327	5	2	3
PSPPH_3328	24	6	18
PSPPH_3329	0	0	0
PSPPH_3330	0	0	0
PSPPH_3331	5	4	2
PSPPH_3332	23	14	11
PSPPH_3333	20	10	11
PSPPH_3334	25	6	21
PSPPH_3335	7	7	6
PSPPH_3336	140	57	88
PSPPH_3337	30	13	19
PSPPH_3338	8	4	4
PSPPH_3339	1	2	1
PSPPH_3340	23	11	12
PSPPH_3341	9	3	6
PSPPH_3342	18	10	10
PSPPH_3343	16	8	9
PSPPH_3344	13	7	9
PSPPH_3345	0	0	0
PSPPH_3346	34	17	18
PSPPH_3347	0	0	0
PSPPH_3348	4	4	1
PSPPH_3349	84	36	53
PSPPH_3350	28	12	21
PSPPH_3351	56	30	26
PSPPH_3352	37	18	22
PSPPH_3353	22	14	8
PSPPH_3354	14	4	10
PSPPH_3355	12	4	8
PSPPH_3356	10	5	6
PSPPH_3357	13	8	6
PSPPH_3358	2	2	0
PSPPH_3359	29	18	12
PSPPH_3360	61	35	29
PSPPH_3361	51	31	20
PSPPH_3362	40	16	26
PSPPH_3363	73	34	39
PSPPH_3364	22	5	17
PSPPH_3365	27	19	12
PSPPH_3366	24	8	20
PSPPH_3367	23	15	10
PSPPH_3368	4	5	1
PSPPH_3369	1	0	1
PSPPH_3370	2	2	1
PSPPH_3371	2	1	1
PSPPH_3372	5	4	1
PSPPH_3373	5	3	2
PSPPH_3374	7	4	4
PSPPH_3375	33	16	17
PSPPH_3376	27	16	11
PSPPH_3377	56	26	32
PSPPH_3378	15	7	8
PSPPH_3379	5	3	3
PSPPH_3380	30	12	21
PSPPH_3381	13	6	11
PSPPH_3382	18	12	7
PSPPH_3383	24	10	14
PSPPH_3384	4	2	2
PSPPH_3385	19	14	7
PSPPH_3386	12	5	9
PSPPH_3387	382	180	205
PSPPH_3388	22	12	10
PSPPH_3389	60	34	28
PSPPH_3390	799	418	386
PSPPH_3391	18	5	13
PSPPH_3392	28	12	17
PSPPH_3393	63	28	38
PSPPH_3394	159	66	93
PSPPH_3395	52	33	22
PSPPH_3396	39	25	16
PSPPH_3397	37	22	16
PSPPH_3398	19	18	1
PSPPH_3399	8	4	4
PSPPH_3400	5	1	4
PSPPH_3401	13	9	5
PSPPH_3402	7	4	4
PSPPH_3403	2	1	3
PSPPH_3404	21	14	10
PSPPH_3405	50	24	29
PSPPH_3406	15	6	9
PSPPH_3407	5	2	3
PSPPH_3408	11	5	6
PSPPH_3409	25	15	11
PSPPH_3410	15	6	9
PSPPH_3411	14	8	8
PSPPH_3412	95	45	53
PSPPH_3413	153	63	94
PSPPH_3414	30	23	10
PSPPH_3415	23	14	10
PSPPH_3416	38	15	23
PSPPH_3417	52	30	23
PSPPH_3418	53	19	36
PSPPH_3419	45	24	21
PSPPH_3420	13	7	6
PSPPH_3421	4	2	2
PSPPH_3422	30	19	18
PSPPH_3423	21	11	13
PSPPH_3424	23	7	17
PSPPH_3425	11	4	8
PSPPH_3426	3	3	0
PSPPH_3427	16	6	11
PSPPH_3428	46	17	29
PSPPH_3429	38	13	25
PSPPH_3430	130	56	78
PSPPH_3431	30	17	15
PSPPH_3432	24	16	10
PSPPH_3433	4	3	1
PSPPH_3434	2	1	1
PSPPH_3435	8	3	5
PSPPH_3436	19	11	9
PSPPH_3437	11	4	7
PSPPH_3438	10	4	6
PSPPH_3439	19	10	10
PSPPH_3441	1	1	0
PSPPH_3443	4	3	1
PSPPH_3444	6	2	5
PSPPH_3445	8	4	6
PSPPH_3446	96	61	37
PSPPH_3447	15	4	11
PSPPH_3448	24	13	14
PSPPH_3449	8	6	2
PSPPH_3450	2	1	2
PSPPH_3451	6	6	1
PSPPH_3452	1	1	0
PSPPH_3453	3	0	3
PSPPH_3454	10	8	6
PSPPH_3455	31	13	23
PSPPH_3456	49	29	21
PSPPH_3458	14	7	8
PSPPH_3459	5	4	4
PSPPH_3460	13	8	8
PSPPH_3461	54	27	31
PSPPH_3462	7	7	4
PSPPH_3464	13	8	6
PSPPH_3465	36	22	17
PSPPH_3466	28	15	18
PSPPH_3467	6	2	4
PSPPH_3468	81	37	46
PSPPH_3469	21	13	9
PSPPH_3470	46	20	29
PSPPH_3471	18	8	12
PSPPH_3472	18	8	13
PSPPH_3473	44	21	24
PSPPH_3474	5	3	3
PSPPH_3475	16	8	12
PSPPH_3476	37	16	24
PSPPH_3477	9	4	5
PSPPH_3478	42	21	22
PSPPH_3479	16	8	8
PSPPH_3480	0	0	0
PSPPH_3481	12	9	6
PSPPH_3482	12	9	3
PSPPH_3483	3	1	2
PSPPH_3484	7	10	5
PSPPH_3485	13	3	17
PSPPH_3486	10	7	4
PSPPH_3487	6	3	4
PSPPH_3488	33	15	19
PSPPH_3489	59	31	30
PSPPH_3490	10	6	4
PSPPH_3491	15	7	9
PSPPH_3492	1	1	0
PSPPH_3493	6	6	2
PSPPH_3495	33	14	22
PSPPH_3497	20	13	8
PSPPH_3498	460	239	223
PSPPH_3499	72	34	38
PSPPH_3500	6	3	3
PSPPH_3502	1	0	1
PSPPH_3503	3	3	1
PSPPH_3504	99	44	55
PSPPH_3505	28	15	15
PSPPH_3506	6	4	3
PSPPH_3510	40	12	32
PSPPH_3511	382	201	182
PSPPH_3512	514	269	246
PSPPH_3513	240	130	111
PSPPH_3514	92	41	66
PSPPH_3515	59	43	33
PSPPH_3516	9	2	7
PSPPH_3517	35	14	24
PSPPH_3518	46	24	22
PSPPH_3519	30	14	16
PSPPH_3520	28	19	11
PSPPH_3521	102	51	53
PSPPH_3522	10	3	7
PSPPH_3523	16	6	10
PSPPH_3524	21	12	10
PSPPH_3525	6	1	5
PSPPH_3526	11	6	5
PSPPH_3527	45	28	17
PSPPH_3528	478	231	249
PSPPH_3529	15	3	15
PSPPH_3530	96	35	66
PSPPH_3531	9	4	8
PSPPH_3532	13	3	10
PSPPH_3533	5	2	4
PSPPH_3534	22	15	9
PSPPH_3535	14	7	8
PSPPH_3536	26	16	11
PSPPH_3537	0	0	0
PSPPH_3538	164	94	70
PSPPH_3539	8	2	6
PSPPH_3540	23	11	12
PSPPH_3541	19	9	10
PSPPH_3542	42	26	16
PSPPH_3543	70	35	43
PSPPH_3544	25	20	11
PSPPH_3545	16	7	9
PSPPH_3546	4	3	1
PSPPH_3547	47	27	21
PSPPH_3548	21	12	10
PSPPH_3549	1	3	3
PSPPH_3550	24	17	18
PSPPH_3551	28	18	20
PSPPH_3552	13	10	6
PSPPH_3553	5	4	2
PSPPH_3554	5	2	4
PSPPH_3555	4	2	2
PSPPH_3556	8	7	2
PSPPH_3557	6	4	2
PSPPH_3558	913	439	476
PSPPH_3559	7	3	6
PSPPH_3560	885	457	433
PSPPH_3561	4	1	3
PSPPH_3562	13	5	8
PSPPH_3563	21	15	6
PSPPH_3564	13	8	5
PSPPH_3565	3	3	0
PSPPH_3566	9	6	4
PSPPH_3567	22	10	14
PSPPH_3568	15	11	7
PSPPH_3569	12	2	10
PSPPH_3570	57	26	33
PSPPH_3571	3	1	2
PSPPH_3572	19	12	7
PSPPH_3573	9	4	6
PSPPH_3574	66	32	36
PSPPH_3575	20	11	9
PSPPH_3576	83	48	36
PSPPH_3577	37	15	23
PSPPH_3578	1	1	0
PSPPH_3579	0	1	1
PSPPH_3580	8	4	7
PSPPH_3581	5	4	2
PSPPH_3582	1	2	0
PSPPH_3583	2	1	1
PSPPH_3584	5	1	7
PSPPH_3585	45	19	29
PSPPH_3586	36	19	17
PSPPH_3587	9	2	7
PSPPH_3588	32	16	17
PSPPH_3589	22	16	7
PSPPH_3590	18	10	9
PSPPH_3591	41	25	16
PSPPH_3592	45	29	16
PSPPH_3593	70	33	37
PSPPH_3594	49	24	25
PSPPH_3595	212	100	112
PSPPH_3596	30	22	11
PSPPH_3597	9	4	6
PSPPH_3598	26	20	8
PSPPH_3599	43	25	22
PSPPH_3600	57	35	23
PSPPH_3601	5	3	4
PSPPH_3602	25	9	22
PSPPH_3603	14	9	10
PSPPH_3605	37	32	19
PSPPH_3606	28	14	27
PSPPH_3607	2	2	0
PSPPH_3608	18	9	10
PSPPH_3609	4	4	0
PSPPH_3610	45	27	23
PSPPH_3611	35	14	25
PSPPH_3612	2	1	2
PSPPH_3613	18	12	7
PSPPH_3614	10	5	7
PSPPH_3615	5	3	3
PSPPH_3616	41	22	22
PSPPH_3617	17	10	7
PSPPH_3618	27	15	13
PSPPH_3619	3	1	3
PSPPH_3620	30	13	17
PSPPH_3625	73	37	46
PSPPH_3626	39	25	24
PSPPH_3627	51	27	27
PSPPH_3628	51	34	31
PSPPH_3629	36	20	28
PSPPH_3630	37	22	15
PSPPH_3631	102	56	46
PSPPH_3632	113	52	61
PSPPH_3633	15	10	5
PSPPH_3634	91	39	54
PSPPH_3635	9	7	3
PSPPH_3636	34	27	20
PSPPH_3637	19	13	19
PSPPH_3639	1	1	0
PSPPH_3640	0	0	0
PSPPH_3641	10	10	0
PSPPH_3642	6	3	3
PSPPH_3643	24	17	14
PSPPH_3644	30	22	12
PSPPH_3645	16	9	7
PSPPH_3646	7	7	0
PSPPH_3647	19	12	9
PSPPH_3648	216	106	110
PSPPH_3649	17	8	9
PSPPH_3650	6	5	2
PSPPH_3651	13	11	2
PSPPH_3652	44	27	19
PSPPH_3653	73	36	42
PSPPH_3654	63	29	34
PSPPH_3655	10	5	5
PSPPH_3656	68	33	37
PSPPH_3657	28	13	16
PSPPH_3658	56	33	25
PSPPH_3659	22	11	11
PSPPH_3660	15	24	18
PSPPH_3661	65	43	50
PSPPH_3662	1607	815	796
PSPPH_3663	344	174	170
PSPPH_3664	57	26	33
PSPPH_3665	88	45	44
PSPPH_3666	136	70	67
PSPPH_3667	288	151	138
PSPPH_3668	78	47	31
PSPPH_3669	41	22	21
PSPPH_3670	32	19	13
PSPPH_3671	47	21	27
PSPPH_3672	29	17	13
PSPPH_3673	23	18	26
PSPPH_3674	110	55	77
PSPPH_3675	95	41	57
PSPPH_3676	78	42	39
PSPPH_3677	22	16	6
PSPPH_3678	146	75	74
PSPPH_3679	53	31	22
PSPPH_3680	162	76	87
PSPPH_3681	51	16	38
PSPPH_3682	10	7	9
PSPPH_3683	24	16	13
PSPPH_3684	16	6	10
PSPPH_3685	28	15	14
PSPPH_3686	21	8	14
PSPPH_3687	3	4	0
PSPPH_3688	71	37	34
PSPPH_3689	951	487	466
PSPPH_3690	16	8	8
PSPPH_3691	3	1	2
PSPPH_3692	31	23	19
PSPPH_3693	3	0	4
PSPPH_3694	4	0	4
PSPPH_3695	15	7	8
PSPPH_3696	6	4	2
PSPPH_3697	19	12	7
PSPPH_3698	18	11	11
PSPPH_3699	9	7	3
PSPPH_3700	7	6	2
PSPPH_3701	21	12	10
PSPPH_3702	10	8	3
PSPPH_3703	15	12	7
PSPPH_3704	15	4	11
PSPPH_3705	78	33	47
PSPPH_3706	22	13	9
PSPPH_3707	20	7	14
PSPPH_3708	52	31	21
PSPPH_3709	77	38	39
PSPPH_3710	93	43	50
PSPPH_3711	22	10	14
PSPPH_3712	94	51	43
PSPPH_3713	87	37	50
PSPPH_3714	75	36	39
PSPPH_3715	34	23	13
PSPPH_3716	111	49	63
PSPPH_3717	19	10	10
PSPPH_3718	59	26	33
PSPPH_3719	113	52	63
PSPPH_3720	14	12	2
PSPPH_3721	41	15	26
PSPPH_3722	58	29	30
PSPPH_3723	11	10	3
PSPPH_3724	29	19	10
PSPPH_3725	13	11	6
PSPPH_3726	24	16	12
PSPPH_3727	11	7	5
PSPPH_3728	219	117	103
PSPPH_3729	65	32	34
PSPPH_3730	103	58	45
PSPPH_3731	34	15	19
PSPPH_3732	251	137	119
PSPPH_3733	27	20	11
PSPPH_3734	13	8	8
PSPPH_3735	10	10	6
PSPPH_3736	18	6	12
PSPPH_3737	24	11	13
PSPPH_3738	588	296	296
PSPPH_3739	5	7	2
PSPPH_3740	0	0	1
PSPPH_3741	9	10	3
PSPPH_3742	9	5	8
PSPPH_3743	8	6	6
PSPPH_3744	2	1	1
PSPPH_3745	137	63	74
PSPPH_3746	5	4	4
PSPPH_3747	0	0	0
PSPPH_3748	7	2	5
PSPPH_3749	6	2	5
PSPPH_3750	17	10	11
PSPPH_3751	1	1	0
PSPPH_3752	4	1	4
PSPPH_3753	27	16	13
PSPPH_3754	19	16	7
PSPPH_3755	32	13	20
PSPPH_3756	71	34	39
PSPPH_3757	61	29	32
PSPPH_3758	145	77	69
PSPPH_3759	643	323	323
PSPPH_3760	15	7	9
PSPPH_3763	21	7	16
PSPPH_3764	12	6	6
PSPPH_3765	174	84	91
PSPPH_3766	599	275	325
PSPPH_3767	312	167	146
PSPPH_3768	59	31	28
PSPPH_3769	15	7	8
PSPPH_3770	41	23	20
PSPPH_3771	15	13	5
PSPPH_3772	49	22	27
PSPPH_3773	16	7	12
PSPPH_3774	15	4	13
PSPPH_3775	65	28	37
PSPPH_3776	306	151	155
PSPPH_3777	3	2	3
PSPPH_3778	63	32	31
PSPPH_3779	60	29	31
PSPPH_3780	5	3	2
PSPPH_3781	12	7	6
PSPPH_3782	1830	931	904
PSPPH_3783	165	76	94
PSPPH_3784	26	19	9
PSPPH_3785	7	3	4
PSPPH_3788	101	47	56
PSPPH_3789	74	28	46
PSPPH_3790	34	17	18
PSPPH_3791	7	10	0
PSPPH_3792	22	17	7
PSPPH_3793	1	1	0
PSPPH_3794	9	6	4
PSPPH_3795	4	3	1
PSPPH_3796	12	8	10
PSPPH_3797	194	102	98
PSPPH_3798	9	6	6
PSPPH_3799	10	4	9
PSPPH_3800	16	5	11
PSPPH_3801	6	2	4
PSPPH_3802	43	20	24
PSPPH_3803	67	29	47
PSPPH_3804	18	18	7
PSPPH_3805	233	117	118
PSPPH_3806	38	18	22
PSPPH_3807	82	48	39
PSPPH_3808	48	24	24
PSPPH_3809	499	229	272
PSPPH_3810	263	123	141
PSPPH_3811	13	6	8
PSPPH_3812	30	17	14
PSPPH_3813	24	12	13
PSPPH_3814	18	10	9
PSPPH_3815	53	33	22
PSPPH_3816	85	32	56
PSPPH_3817	15	7	15
PSPPH_3818	13	12	8
PSPPH_3819	23	14	10
PSPPH_3820	273	138	136
PSPPH_3821	48	20	28
PSPPH_3822	218	123	99
PSPPH_3823	77	40	39
PSPPH_3824	239	117	125
PSPPH_3825	148	88	61
PSPPH_3826	22	8	14
PSPPH_3827	36	23	17
PSPPH_3828	35	17	19
PSPPH_3829	17	9	8
PSPPH_3830	50	31	20
PSPPH_3831	37	27	11
PSPPH_3832	269	132	137
PSPPH_3833	174	93	85
PSPPH_3834	49	26	26
PSPPH_3835	27	18	9
PSPPH_3836	75	47	30
PSPPH_3837	68	32	38
PSPPH_3838	141	79	63
PSPPH_3839	322	158	165
PSPPH_3840	469	221	249
PSPPH_3841	48	30	19
PSPPH_3842	100	58	49
PSPPH_3843	103	54	51
PSPPH_3844	17	6	12
PSPPH_3845	36	23	13
PSPPH_3846	129	61	68
PSPPH_3847	38	25	14
PSPPH_3848	8	13	13
PSPPH_3849	30	22	25
PSPPH_3850	80	35	47
PSPPH_3851	30	19	11
PSPPH_3852	23	8	15
PSPPH_3853	52	26	27
PSPPH_3854	4	0	4
PSPPH_3855	0	0	0
PSPPH_3856	34	15	25
PSPPH_3857	13	10	8
PSPPH_3858	7	2	5
PSPPH_3859	7	2	6
PSPPH_3860	18	7	13
PSPPH_3861	44	24	20
PSPPH_3862	15	7	8
PSPPH_3863	126	65	64
PSPPH_3864	4	11	8
PSPPH_3865	447	220	261
PSPPH_3866	6	9	15
PSPPH_3867	62	27	36
PSPPH_3868	87	47	41
PSPPH_3869	2	1	1
PSPPH_3870	45	26	20
PSPPH_3871	155	83	73
PSPPH_3872	23	12	12
PSPPH_3873	106	55	52
PSPPH_3874	107	56	52
PSPPH_3875	97	50	48
PSPPH_3876	56	29	27
PSPPH_3877	190	94	98
PSPPH_3878	34	12	22
PSPPH_3879	52	28	25
PSPPH_3880	30	15	15
PSPPH_3881	166	82	84
PSPPH_3883	24	9	15
PSPPH_3884	3	3	0
PSPPH_3885	3	2	1
PSPPH_3886	292	144	151
PSPPH_3887	10	4	7
PSPPH_3888	58	37	22
PSPPH_3889	21	12	11
PSPPH_3890	4	1	3
PSPPH_3891	93	48	45
PSPPH_3892	70	34	36
PSPPH_3893	60	41	21
PSPPH_3894	71	41	30
PSPPH_3895	47	28	21
PSPPH_3896	29	22	15
PSPPH_3897	6	7	7
PSPPH_3898	6	2	4
PSPPH_3899	104	59	47
PSPPH_3900	22	9	13
PSPPH_3901	109	52	58
PSPPH_3902	712	376	339
PSPPH_3903	122	61	63
PSPPH_3904	66	34	32
PSPPH_3905	120	66	56
PSPPH_3906	36	29	11
PSPPH_3907	22	13	14
PSPPH_3908	27	17	14
PSPPH_3910	108	64	45
PSPPH_3911	26	11	17
PSPPH_3912	14	8	8
PSPPH_3913	42	17	26
PSPPH_3914	0	0	0
PSPPH_3915	34	14	20
PSPPH_3916	10	5	7
PSPPH_3917	3	2	2
PSPPH_3918	2	0	3
PSPPH_3919	1	0	2
PSPPH_3920	0	0	1
PSPPH_3921	4	1	3
PSPPH_3922	83	35	53
PSPPH_3923	18	6	13
PSPPH_3924	24	15	12
PSPPH_3925	4	1	6
PSPPH_3926	5	3	3
PSPPH_3927	64	23	41
PSPPH_3928	11	7	7
PSPPH_3929	15	4	13
PSPPH_3930	2	0	2
PSPPH_3931	8	6	3
PSPPH_3932	11	9	2
PSPPH_3933	32	14	21
PSPPH_3934	2	2	1
PSPPH_3935	9	6	4
PSPPH_3936	25	13	14
PSPPH_3937	4	5	1
PSPPH_3938	3	2	2
PSPPH_3939	15	11	6
PSPPH_3940	2	1	2
PSPPH_3941	356	180	177
PSPPH_3942	23	14	10
PSPPH_3943	17	9	9
PSPPH_3944	12	13	9
PSPPH_3945	43	26	26
PSPPH_3946	10	3	7
PSPPH_3947	38	14	25
PSPPH_3948	18	7	11
PSPPH_3949	7	6	1
PSPPH_3950	45	30	17
PSPPH_3951	105	53	55
PSPPH_3952	743	365	378
PSPPH_3953	106	45	63
PSPPH_3954	268	124	145
PSPPH_3955	216	102	114
PSPPH_3956	53	23	34
PSPPH_3957	9	4	7
PSPPH_3958	5	3	3
PSPPH_3959	82	36	47
PSPPH_3960	19	12	9
PSPPH_3961	22	13	12
PSPPH_3962	24	15	9
PSPPH_3963	13	11	2
PSPPH_3964	5	3	4
PSPPH_3966	7	2	13
PSPPH_3967	20	18	8
PSPPH_3968	0	0	0
PSPPH_3969	16	7	10
PSPPH_3970	2	2	1
PSPPH_3971	4	4	1
PSPPH_3972	5	1	4
PSPPH_3973	4	0	4
PSPPH_3974	3	3	2
PSPPH_3975	27	20	10
PSPPH_3976	15	15	3
PSPPH_3977	0	0	0
PSPPH_3978	24	20	8
PSPPH_3979	2	1	1
PSPPH_3980	10	7	6
PSPPH_3981	22	10	15
PSPPH_3983	5	3	3
PSPPH_3985	9	4	8
PSPPH_3986	11	7	8
PSPPH_3987	6	3	4
PSPPH_3988	8	4	6
PSPPH_3989	7	3	4
PSPPH_3990	40	19	22
PSPPH_3992	65	31	37
PSPPH_3993	81	51	30
PSPPH_3994	371	164	208
PSPPH_3995	23	14	9
PSPPH_3996	4	4	1
PSPPH_3998	16	10	7
PSPPH_3999	30	20	12
PSPPH_4000	169	85	87
PSPPH_4001	22	11	13
PSPPH_4002	25	12	13
PSPPH_4003	29	18	16
PSPPH_4004	67	32	36
PSPPH_4005	42	23	21
PSPPH_4007	5	2	3
PSPPH_4008	21	13	16
PSPPH_4009	1	5	5
PSPPH_4010	85	53	42
PSPPH_4011	7	7	10
PSPPH_4012	19	9	10
PSPPH_4013	53	27	30
PSPPH_4014	148	82	74
PSPPH_4015	163	85	80
PSPPH_4016	49	29	23
PSPPH_4017	75	35	40
PSPPH_4018	36	21	16
PSPPH_4019	48	24	28
PSPPH_4020	29	13	17
PSPPH_4021	52	24	30
PSPPH_4022	46	32	24
PSPPH_4023	11	14	6
PSPPH_4024	64	28	37
PSPPH_4025	273	141	135
PSPPH_4026	34	19	18
PSPPH_4027	18	8	11
PSPPH_4028	15	7	8
PSPPH_4029	7	8	5
PSPPH_4030	23	18	10
PSPPH_4031	37	23	19
PSPPH_4033	2	1	1
PSPPH_4034	2	0	2
PSPPH_4036	17	11	12
PSPPH_4037	78	41	41
PSPPH_4038	8	3	7
PSPPH_4039	320	169	157
PSPPH_4040	16	13	5
PSPPH_4041	323	152	171
PSPPH_4042	29	16	17
PSPPH_4043	23	10	17
PSPPH_4046	2	0	2
PSPPH_4047	2	0	2
PSPPH_4048	6	3	3
PSPPH_4049	11	8	4
PSPPH_4050	4	0	5
PSPPH_4051	1	1	0
PSPPH_4052	12	9	5
PSPPH_4053	9	4	5
PSPPH_4054	9	6	6
PSPPH_4055	9	5	8
PSPPH_4056	9	4	5
PSPPH_4057	18	12	9
PSPPH_4058	33	20	14
PSPPH_4059	17	8	10
PSPPH_4060	92	49	43
PSPPH_4061	23	10	14
PSPPH_4062	11	6	5
PSPPH_4063	29	14	16
PSPPH_4064	574	304	270
PSPPH_4065	44	14	31
PSPPH_4066	90	42	48
PSPPH_4067	43	18	25
PSPPH_4068	30	11	19
PSPPH_4069	29	20	9
PSPPH_4070	70	45	49
PSPPH_4071	34	22	32
PSPPH_4072	58	24	34
PSPPH_4073	41	19	22
PSPPH_4074	15	11	7
PSPPH_4075	34	14	20
PSPPH_4076	38	21	18
PSPPH_4077	4058	2073	1988
PSPPH_4078	582	288	295
PSPPH_4079	49	19	30
PSPPH_4080	71	40	35
PSPPH_4081	62	29	38
PSPPH_4082	11	5	6
PSPPH_4083	24	12	14
PSPPH_4084	10	4	6
PSPPH_4087	2	0	2
PSPPH_4089	14	16	10
PSPPH_4090	0	0	0
PSPPH_4091	5	2	4
PSPPH_4092	90	51	39
PSPPH_4093	55	26	30
PSPPH_4095	30	18	14
PSPPH_4096	26	17	9
PSPPH_4097	60	21	41
PSPPH_4098	23	8	15
PSPPH_4099	80	36	45
PSPPH_4100	342	177	171
PSPPH_4101	7	5	2
PSPPH_4102	195	112	88
PSPPH_4103	674	339	335
PSPPH_4104	102	51	53
PSPPH_4105	14	10	7
PSPPH_4106	42	20	22
PSPPH_4107	126	65	63
PSPPH_4108	16	9	7
PSPPH_4109	19	10	11
PSPPH_4110	44	25	19
PSPPH_4111	26	7	19
PSPPH_4112	61	29	35
PSPPH_4113	74	33	42
PSPPH_4114	46	29	19
PSPPH_4115	8	1	7
PSPPH_4116	46	30	17
PSPPH_4117	36	14	22
PSPPH_4118	35	16	19
PSPPH_4119	124	75	51
PSPPH_4120	11	8	3
PSPPH_4121	15	5	11
PSPPH_4122	37	20	17
PSPPH_4123	9	3	6
PSPPH_4124	15	9	6
PSPPH_4125	128	83	46
PSPPH_4126	221	131	90
PSPPH_4127	28	14	17
PSPPH_4128	40	18	28
PSPPH_4129	93	42	53
PSPPH_4130	41	15	28
PSPPH_4131	93	54	39
PSPPH_4132	235	123	114
PSPPH_4133	90	53	37
PSPPH_4134	29	18	13
PSPPH_4135	33	16	19
PSPPH_4136	103	55	49
PSPPH_4137	50	29	24
PSPPH_4138	29	18	12
PSPPH_4139	166	82	84
PSPPH_4140	16	4	12
PSPPH_4141	13	8	5
PSPPH_4142	58	35	23
PSPPH_4143	21	13	9
PSPPH_4144	26	17	11
PSPPH_4145	62	39	26
PSPPH_4146	44	20	24
PSPPH_4147	14	6	9
PSPPH_4148	13	6	8
PSPPH_4149	39	19	22
PSPPH_4150	41	22	19
PSPPH_4151	100	51	51
PSPPH_4152	140	67	74
PSPPH_4153	22	13	10
PSPPH_4154	58	38	21
PSPPH_4155	10	9	1
PSPPH_4156	5	3	2
PSPPH_4157	0	0	0
PSPPH_4158	0	0	0
PSPPH_4159	3	2	1
PSPPH_4160	8	7	3
PSPPH_4161	1	1	0
PSPPH_4162	156	79	80
PSPPH_4163	42	21	36
PSPPH_4164	262	144	134
PSPPH_4165	49	21	28
PSPPH_4166	42	23	21
PSPPH_4167	7	2	5
PSPPH_4168	62	38	26
PSPPH_4169	13	6	7
PSPPH_4170	8	5	3
PSPPH_4171	16	8	8
PSPPH_4172	181	89	93
PSPPH_4173	36	18	18
PSPPH_4174	169	93	76
PSPPH_4175	176	85	93
PSPPH_4176	18	11	9
PSPPH_4177	10	5	6
PSPPH_4178	9	7	8
PSPPH_4179	26	15	16
PSPPH_4180	22	13	9
PSPPH_4181	17	5	12
PSPPH_4182	56	28	31
PSPPH_4183	2	1	1
PSPPH_4184	51	33	19
PSPPH_4185	272	145	133
PSPPH_4186	1155	574	583
PSPPH_4187	107	54	54
PSPPH_4188	44	29	15
PSPPH_4189	497	249	251
PSPPH_4190	201	112	93
PSPPH_4191	27	13	16
PSPPH_4194	58	28	31
PSPPH_4195	126	71	59
PSPPH_4196	272	152	122
PSPPH_4197	62	33	29
PSPPH_4198	708	331	380
PSPPH_4199	60	38	25
PSPPH_4200	30	14	22
PSPPH_4201	75	41	38
PSPPH_4202	673	314	360
PSPPH_4203	292	149	144
PSPPH_4204	135	67	70
PSPPH_4205	322	155	168
PSPPH_4206	3109	1513	1599
PSPPH_4207	288	144	145
PSPPH_4208	200	116	87
PSPPH_4209	130	81	94
PSPPH_4210	38	44	38
PSPPH_4211	4	0	6
PSPPH_4212	6	5	2
PSPPH_4213	10	5	6
PSPPH_4214	15	11	7
PSPPH_4215	26	12	14
PSPPH_4217	25	13	13
PSPPH_4218	7	7	6
PSPPH_4219	2	2	1
PSPPH_4220	13	8	8
PSPPH_4221	145	91	56
PSPPH_4222	13	3	13
PSPPH_4223	145	67	81
PSPPH_4224	60	26	34
PSPPH_4225	8	6	2
PSPPH_4226	4	1	3
PSPPH_4227	2	0	2
PSPPH_4228	5	1	5
PSPPH_4229	2804	1302	1510
PSPPH_4230	9	5	4
PSPPH_4231	5	3	2
PSPPH_4232	9	6	6
PSPPH_4234	9	5	6
PSPPH_4235	13	6	7
PSPPH_4236	2	1	3
PSPPH_4237	14	8	6
PSPPH_4238	33	14	19
PSPPH_4239	12	9	3
PSPPH_4240	16	5	13
PSPPH_4241	16	10	9
PSPPH_4242	13	8	12
PSPPH_4243	1	2	2
PSPPH_4244	27	19	12
PSPPH_4245	99	52	56
PSPPH_4246	5	5	7
PSPPH_4247	39	22	19
PSPPH_4248	8	5	4
PSPPH_4249	5	2	3
PSPPH_4250	110	55	56
PSPPH_4251	20	10	10
PSPPH_4252	30	11	19
PSPPH_4253	48	25	23
PSPPH_4254	108	58	54
PSPPH_4255	60	29	32
PSPPH_4256	28	9	19
PSPPH_4257	52	28	28
PSPPH_4258	153	81	73
PSPPH_4259	267	126	142
PSPPH_4260	178	86	93
PSPPH_4261	360	173	188
PSPPH_4262	192	95	100
PSPPH_4263	45	22	25
PSPPH_4264	47	25	23
PSPPH_4265	43	17	27
PSPPH_4266	51	26	29
PSPPH_4267	2	0	2
PSPPH_4268	29	15	17
PSPPH_4269	5	3	2
PSPPH_4270	3	1	2
PSPPH_4271	13	7	10
PSPPH_4272	3	1	2
PSPPH_4273	168	77	93
PSPPH_4274	11	6	7
PSPPH_4275	0	0	0
PSPPH_4276	11	8	3
PSPPH_4277	8	6	2
PSPPH_4278	16	12	7
PSPPH_4279	9	5	4
PSPPH_4280	58	34	25
PSPPH_4281	12	7	6
PSPPH_4282	74	40	35
PSPPH_4283	40	24	16
PSPPH_4284	2	1	1
PSPPH_4285	6	7	4
PSPPH_4286	1	4	1
PSPPH_4287	34	17	18
PSPPH_4288	177	91	89
PSPPH_4289	280	137	143
PSPPH_4290	36	21	18
PSPPH_4291	14	4	12
PSPPH_4292	6	1	8
PSPPH_4293	165	82	88
PSPPH_4294	48	30	21
PSPPH_4295	103	58	46
PSPPH_4296	93	53	46
PSPPH_4297	5	3	3
PSPPH_4298	15	11	6
PSPPH_4299	11	4	10
PSPPH_4300	11	9	3
PSPPH_4301	7	4	5
PSPPH_4302	21	11	10
PSPPH_4303	31	17	15
PSPPH_4304	13	4	9
PSPPH_4305	46	19	30
PSPPH_4306	72	38	37
PSPPH_4307	53	28	28
PSPPH_4308	7	2	5
PSPPH_4309	5	6	2
PSPPH_4310	10	7	4
PSPPH_4311	40	29	12
PSPPH_4312	26	15	12
PSPPH_4313	76	34	46
PSPPH_4314	12	5	7
PSPPH_4315	49	27	23
PSPPH_4316	87	47	41
PSPPH_4317	91	52	46
PSPPH_4318	181	86	98
PSPPH_4319	94	59	36
PSPPH_4320	151	65	88
PSPPH_4321	6	3	4
PSPPH_4322	9	4	6
PSPPH_4323	6	5	2
PSPPH_4324	13	6	8
PSPPH_4326	2039	990	1054
PSPPH_4327	257	115	142
PSPPH_4328	44	19	27
PSPPH_4329	43	18	25
PSPPH_4330	667	353	317
PSPPH_4331	11	13	14
PSPPH_4332	60	45	30
PSPPH_4333	125	58	68
PSPPH_4334	20	12	9
PSPPH_4335	2	3	2
PSPPH_4336	0	0	3
PSPPH_4337	35	19	16
PSPPH_4338	17	9	9
PSPPH_4339	93	37	60
PSPPH_4340	137	84	59
PSPPH_4342	10	5	6
PSPPH_4343	2	1	1
PSPPH_4344	29	18	12
PSPPH_4345	29	16	14
PSPPH_4346	22	11	11
PSPPH_4347	40	22	19
PSPPH_4348	53	33	22
PSPPH_4349	14	6	8
PSPPH_4350	39	23	17
PSPPH_4351	10	7	4
PSPPH_4352	13	10	3
PSPPH_4353	19	8	13
PSPPH_4354	51	32	20
PSPPH_4355	16	5	12
PSPPH_4356	10	8	8
PSPPH_4357	30	17	19
PSPPH_4358	41	16	25
PSPPH_4359	467	245	223
PSPPH_4360	10	4	9
PSPPH_4361	31	16	17
PSPPH_4362	2	1	2
PSPPH_4363	16	6	10
PSPPH_4364	16	7	10
PSPPH_4365	5	4	1
PSPPH_4366	533	294	241
PSPPH_4367	12	10	3
PSPPH_4368	8	3	6
PSPPH_4369	20	14	14
PSPPH_4370	73	33	50
PSPPH_4371	188	96	95
PSPPH_4372	19	7	14
PSPPH_4373	17	9	8
PSPPH_4374	25	9	16
PSPPH_4375	126	69	71
PSPPH_4376	70	39	45
PSPPH_4377	31	16	20
PSPPH_4378	12	6	10
PSPPH_4379	163	71	95
PSPPH_4380	180	88	93
PSPPH_4381	58	31	27
PSPPH_4382	17	4	13
PSPPH_4383	13	11	3
PSPPH_4384	66	36	31
PSPPH_4385	29	21	13
PSPPH_4386	4	3	6
PSPPH_4387	92	41	56
PSPPH_4388	123	60	66
PSPPH_4389	22	10	13
PSPPH_4390	44	26	18
PSPPH_4391	50	27	25
PSPPH_4392	24	15	12
PSPPH_4393	92	37	55
PSPPH_4394	169	84	91
PSPPH_4395	43	21	27
PSPPH_4396	37	14	24
PSPPH_4397	8	2	6
PSPPH_4398	60	40	22
PSPPH_4399	105	47	59
PSPPH_4400	28	18	11
PSPPH_4401	7	3	4
PSPPH_4402	107	48	60
PSPPH_4403	6	2	5
PSPPH_4404	50	25	28
PSPPH_4405	33	15	18
PSPPH_4406	8	5	4
PSPPH_4407	28	16	14
PSPPH_4408	22	14	8
PSPPH_4409	14	7	7
PSPPH_4410	12	9	5
PSPPH_4411	92	48	46
PSPPH_4412	10	6	6
PSPPH_4413	8	4	6
PSPPH_4414	19	11	9
PSPPH_4415	59	28	39
PSPPH_4416	104	73	42
PSPPH_4417	18	9	12
PSPPH_4418	4	3	2
PSPPH_4419	26	8	21
PSPPH_4420	20	15	11
PSPPH_4421	74	37	37
PSPPH_4422	16	7	9
PSPPH_4423	6	4	3
PSPPH_4424	35	20	16
PSPPH_4425	2	1	1
PSPPH_4426	4	4	1
PSPPH_4427	6	6	2
PSPPH_4428	139	76	72
PSPPH_4429	7	4	4
PSPPH_4430	19	10	15
PSPPH_4431	36	25	13
PSPPH_4432	5	1	4
PSPPH_4433	38	19	20
PSPPH_4434	34	20	17
PSPPH_4435	26	11	15
PSPPH_4436	39	18	21
PSPPH_4437	13	8	8
PSPPH_4438	11	10	2
PSPPH_4439	6	4	2
PSPPH_4440	3	3	0
PSPPH_4441	28	16	14
PSPPH_4442	115	65	51
PSPPH_4443	155	86	70
PSPPH_4444	429	223	209
PSPPH_4445	35	16	20
PSPPH_4446	31	13	18
PSPPH_4447	48	31	18
PSPPH_4448	12	6	6
PSPPH_4449	87	43	44
PSPPH_4450	66	31	36
PSPPH_4451	49	30	25
PSPPH_4452	9	4	6
PSPPH_4453	4	4	2
PSPPH_4454	8	4	5
PSPPH_4455	2	0	2
PSPPH_4456	1	1	1
PSPPH_4457	20	8	15
PSPPH_4458	11	8	4
PSPPH_4459	6	3	3
PSPPH_4460	37	16	21
PSPPH_4461	24	12	14
PSPPH_4462	13	8	6
PSPPH_4463	9	4	6
PSPPH_4464	2	2	3
PSPPH_4465	4	1	5
PSPPH_4466	30	23	7
PSPPH_4467	226	118	109
PSPPH_4468	24	14	11
PSPPH_4469	18	9	10
PSPPH_4470	12	9	5
PSPPH_4471	3	1	2
PSPPH_4472	5	2	3
PSPPH_4473	5	4	1
PSPPH_4474	25	9	16
PSPPH_4475	23	14	9
PSPPH_4476	19	10	10
PSPPH_4477	22	13	9
PSPPH_4478	9	5	4
PSPPH_4479	132	78	58
PSPPH_4480	14	6	9
PSPPH_4481	40	26	18
PSPPH_4482	190	96	99
PSPPH_4483	0	1	0
PSPPH_4484	20	16	9
PSPPH_4485	13	7	10
PSPPH_4486	46	23	24
PSPPH_4487	4	6	3
PSPPH_4488	4	3	4
PSPPH_4489	35	15	20
PSPPH_4490	23	15	9
PSPPH_4491	39	19	22
PSPPH_4492	2	1	1
PSPPH_4493	33	17	17
PSPPH_4494	36	20	18
PSPPH_4495	17	7	11
PSPPH_4496	1	1	0
PSPPH_4497	3	2	1
PSPPH_4498	5	3	2
PSPPH_4499	0	0	0
PSPPH_4500	9	5	5
PSPPH_4501	23	14	10
PSPPH_4502	39	20	19
PSPPH_4503	36	24	13
PSPPH_4504	60	27	33
PSPPH_4505	94	52	44
PSPPH_4506	41	20	21
PSPPH_4507	75	34	44
PSPPH_4508	29	15	14
PSPPH_4509	13	8	6
PSPPH_4510	13	5	9
PSPPH_4511	41	32	21
PSPPH_4512	16	10	18
PSPPH_4513	9	3	6
PSPPH_4514	20	10	12
PSPPH_4515	13	8	7
PSPPH_4516	31	11	20
PSPPH_4517	22	16	7
PSPPH_4518	265	133	133
PSPPH_4519	40	19	24
PSPPH_4520	32	14	18
PSPPH_4521	21	9	12
PSPPH_4522	13	9	11
PSPPH_4523	169	91	83
PSPPH_4524	15	10	8
PSPPH_4525	5	2	3
PSPPH_4526	9	6	8
PSPPH_4527	2	3	1
PSPPH_4528	0	0	0
PSPPH_4529	27	13	15
PSPPH_4530	7	6	2
PSPPH_4531	0	0	0
PSPPH_4532	8	3	5
PSPPH_4533	5	4	2
PSPPH_4534	6	4	3
PSPPH_4535	57	30	27
PSPPH_4536	24	11	14
PSPPH_4537	73	39	34
PSPPH_4538	345	174	172
PSPPH_4539	182	90	94
PSPPH_4541	2	3	1
PSPPH_4542	5	1	5
PSPPH_4543	2	2	1
PSPPH_4544	4	3	3
PSPPH_4545	25	16	12
PSPPH_4546	30	16	16
PSPPH_4547	50	30	24
PSPPH_4548	56	25	34
PSPPH_4549	30	20	10
PSPPH_4550	117	52	66
PSPPH_4551	51	30	23
PSPPH_4552	10	2	8
PSPPH_4553	6	4	3
PSPPH_4554	20	10	10
PSPPH_4555	61	30	32
PSPPH_4556	47	18	32
PSPPH_4557	50	29	32
PSPPH_4558	31	18	23
PSPPH_4559	3	5	1
PSPPH_4560	29	20	14
PSPPH_4562	76	47	32
PSPPH_4563	100	52	50
PSPPH_4564	47	25	23
PSPPH_4565	16	7	13
PSPPH_4566	203	86	118
PSPPH_4567	571	302	269
PSPPH_4568	292	147	145
PSPPH_4569	167	83	84
PSPPH_4570	168	93	75
PSPPH_4571	26	10	17
PSPPH_4572	367	177	190
PSPPH_4573	147	70	78
PSPPH_4574	14	8	6
PSPPH_4575	133	63	70
PSPPH_4576	85	36	49
PSPPH_4577	208	107	101
PSPPH_4578	139	70	70
PSPPH_4579	129	58	71
PSPPH_4580	219	115	104
PSPPH_4581	66	27	43
PSPPH_4582	128	62	66
PSPPH_4583	55	29	26
PSPPH_4584	10	6	5
PSPPH_4585	141	65	77
PSPPH_4586	236	108	130
PSPPH_4587	126	61	67
PSPPH_4588	84	42	43
PSPPH_4589	451	226	229
PSPPH_4590	63	37	26
PSPPH_4591	299	152	147
PSPPH_4592	405	197	210
PSPPH_4593	248	120	130
PSPPH_4594	1819	919	905
PSPPH_4595	1274	611	671
PSPPH_4596	431	220	211
PSPPH_4597	314	150	165
PSPPH_4598	2393	1239	1160
PSPPH_4599	1583	800	789
PSPPH_4600	116	60	56
PSPPH_4601	201	103	98
PSPPH_4602	279	138	143
PSPPH_4603	168	76	94
PSPPH_4604	95	58	39
PSPPH_4605	52	33	19
PSPPH_4610	28	17	11
PSPPH_4611	32	12	21
PSPPH_4612	58	27	33
PSPPH_4618	90	54	57
PSPPH_4619	79	38	45
PSPPH_4620	63	31	36
PSPPH_4621	36	23	18
PSPPH_4622	47	21	26
PSPPH_4623	24	14	12
PSPPH_4624	56	29	34
PSPPH_4625	26	17	13
PSPPH_4626	34	13	23
PSPPH_4627	78	42	37
PSPPH_4628	60	31	34
PSPPH_4629	39	21	21
PSPPH_4630	35	20	16
PSPPH_4631	28	20	13
PSPPH_4632	21	14	8
PSPPH_4633	23	16	12
PSPPH_4634	38	16	27
PSPPH_4635	60	37	27
PSPPH_4636	43	26	21
PSPPH_4637	53	26	27
PSPPH_4638	35	21	15
PSPPH_4639	38	22	19
PSPPH_4640	36	20	19
PSPPH_4641	19	1	20
PSPPH_4642	34	15	22
PSPPH_4643	85	50	39
PSPPH_4644	15	8	7
PSPPH_4645	188	83	110
PSPPH_4646	39	21	20
PSPPH_4647	27	13	15
PSPPH_4648	74	43	33
PSPPH_4649	10	3	7
PSPPH_4650	109	63	49
PSPPH_4651	70	42	34
PSPPH_4652	78	53	28
PSPPH_4653	16	6	10
PSPPH_4654	45	25	24
PSPPH_4655	52	25	38
PSPPH_4656	45	41	22
PSPPH_4657	74	45	45
PSPPH_4658	66	32	38
PSPPH_4659	11	6	7
PSPPH_4660	107	53	60
PSPPH_4661	149	67	86
PSPPH_4662	104	62	45
PSPPH_4663	19	10	11
PSPPH_4664	40	13	29
PSPPH_4665	120	58	62
PSPPH_4666	902	452	452
PSPPH_4667	159	86	79
PSPPH_4668	93	62	42
PSPPH_4669	76	32	46
PSPPH_4670	25	12	13
PSPPH_4671	24	13	11
PSPPH_4672	159	76	83
PSPPH_4673	46	32	20
PSPPH_4674	9	5	5
PSPPH_4675	51	26	28
PSPPH_4676	13	4	9
PSPPH_4677	96	51	56
PSPPH_4678	10	6	4
PSPPH_4679	29	10	20
PSPPH_4680	30	15	15
PSPPH_4681	25	14	12
PSPPH_4682	26	16	11
PSPPH_4683	46	23	26
PSPPH_4684	12	8	7
PSPPH_4685	0	1	0
PSPPH_4686	76	41	44
PSPPH_4689	2	0	2
PSPPH_4690	42	22	24
PSPPH_4691	16	9	8
PSPPH_4692	50	23	29
PSPPH_4693	80	56	25
PSPPH_4694	24	17	8
PSPPH_4695	35	19	22
PSPPH_4696	114	52	70
PSPPH_4697	42	24	21
PSPPH_4699	50	25	29
PSPPH_4700	38	23	16
PSPPH_4701	190	93	99
PSPPH_4702	55	33	26
PSPPH_4703	245	147	113
PSPPH_4704	16	5	11
PSPPH_4705	76	33	45
PSPPH_4706	51	31	22
PSPPH_4707	21	13	12
PSPPH_4708	71	38	39
PSPPH_4709	138	83	63
PSPPH_4710	14	6	11
PSPPH_4711	80	36	48
PSPPH_4712	181	94	93
PSPPH_4713	32	11	25
PSPPH_4715	467	243	229
PSPPH_4716	51	32	19
PSPPH_4717	41	26	17
PSPPH_4718	66	33	34
PSPPH_4719	33	20	14
PSPPH_4720	93	49	45
PSPPH_4721	341	183	159
PSPPH_4722	91	48	45
PSPPH_4723	8	7	1
PSPPH_4724	61	30	34
PSPPH_4725	17	16	3
PSPPH_4726	31	20	17
PSPPH_4727	22	7	15
PSPPH_4728	30	17	14
PSPPH_4729	27	16	12
PSPPH_4730	39	16	27
PSPPH_4731	147	61	89
PSPPH_4732	44	22	25
PSPPH_4733	106	65	47
PSPPH_4734	278	130	159
PSPPH_4735	1	0	2
PSPPH_4736	206	128	104
PSPPH_4737	30	16	26
PSPPH_4738	10	14	6
PSPPH_4739	146	79	77
PSPPH_4740	22	11	16
PSPPH_4741	14	10	5
PSPPH_4742	13	7	6
PSPPH_4743	87	52	47
PSPPH_4744	105	55	57
PSPPH_4746	6	2	4
PSPPH_4747	130	71	63
PSPPH_4748	49	20	29
PSPPH_4749	54	23	31
PSPPH_4750	94	43	53
PSPPH_4751	152	84	74
PSPPH_4752	17	9	10
PSPPH_4753	211	123	103
PSPPH_4754	45	19	28
PSPPH_4755	107	58	50
PSPPH_4756	544	268	278
PSPPH_4757	8	8	0
PSPPH_4758	55	34	29
PSPPH_4759	34	20	23
PSPPH_4760	28	10	24
PSPPH_4761	62	36	29
PSPPH_4762	4	2	2
PSPPH_4763	23	10	14
PSPPH_4764	23	14	10
PSPPH_4765	22	13	11
PSPPH_4766	109	51	63
PSPPH_4767	101	51	54
PSPPH_4768	54	32	23
PSPPH_4769	99	52	53
PSPPH_4770	71	41	36
PSPPH_4771	27	13	18
PSPPH_4772	62	30	39
PSPPH_4773	65	39	32
PSPPH_4774	28	18	13
PSPPH_4775	27	14	18
PSPPH_4776	33	21	18
PSPPH_4777	117	74	48
PSPPH_4778	637	296	345
PSPPH_4779	130	74	61
PSPPH_4780	57	31	26
PSPPH_4781	112	52	63
PSPPH_4782	86	37	52
PSPPH_4783	100	56	51
PSPPH_4784	26	12	17
PSPPH_4785	102	51	61
PSPPH_4786	102	65	64
PSPPH_4787	198	111	114
PSPPH_4788	25	13	15
PSPPH_4789	82	39	48
PSPPH_4790	12	11	11
PSPPH_4791	26	21	15
PSPPH_4792	50	29	24
PSPPH_4793	77	34	45
PSPPH_4794	51	16	37
PSPPH_4795	100	45	58
PSPPH_4796	57	39	26
PSPPH_4798	66	32	39
PSPPH_4799	96	41	60
PSPPH_4800	69	44	32
PSPPH_4801	187	98	99
PSPPH_4802	147	59	95
PSPPH_4803	113	64	56
PSPPH_4804	61	21	41
PSPPH_4805	71	34	42
PSPPH_4806	100	51	54
PSPPH_4807	134	75	71
PSPPH_4808	30	14	22
PSPPH_4809	30	18	15
PSPPH_4810	87	42	56
PSPPH_4811	101	56	49
PSPPH_4813	98	35	65
PSPPH_4814	31	20	13
PSPPH_4815	33	18	17
PSPPH_4816	220	124	104
PSPPH_4818	23	11	12
PSPPH_4819	125	57	71
PSPPH_4820	135	43	96
PSPPH_4821	357	180	183
PSPPH_4822	104	56	55
PSPPH_4823	246	122	127
PSPPH_4825	21	12	17
PSPPH_4826	48	31	25
PSPPH_4827	57	28	34
PSPPH_4828	30	16	17
PSPPH_4829	51	18	35
PSPPH_4830	28	7	23
PSPPH_4831	87	56	42
PSPPH_4832	37	26	13
PSPPH_4833	216	105	120
PSPPH_4834	11	5	7
PSPPH_4836	1	0	1
PSPPH_4838	20	5	16
PSPPH_4839	15	12	6
PSPPH_4840	61	29	38
PSPPH_4841	50	28	31
PSPPH_4842	72	28	48
PSPPH_4844	56	25	31
PSPPH_4845	421	223	207
PSPPH_4846	125	78	56
PSPPH_4847	652	321	338
PSPPH_4848	29	13	18
PSPPH_4849	121	68	55
PSPPH_4850	52	34	21
PSPPH_4851	19	13	8
PSPPH_4852	42	28	17
PSPPH_4853	129	75	67
PSPPH_4854	97	61	37
PSPPH_4855	35	20	17
PSPPH_4856	32	17	19
PSPPH_4857	48	28	23
PSPPH_4858	54	20	36
PSPPH_4859	90	56	40
PSPPH_4860	53	30	27
PSPPH_4861	34	22	14
PSPPH_4862	25	15	11
PSPPH_4863	27	20	12
PSPPH_4864	59	32	31
PSPPH_4865	76	42	40
PSPPH_4866	54	29	27
PSPPH_4867	61	32	33
PSPPH_4869	317	169	156
PSPPH_4870	25	18	16
PSPPH_4871	38	25	21
PSPPH_4872	99	45	58
PSPPH_4873	52	24	32
PSPPH_4874	277	139	153
PSPPH_4875	81	33	52
PSPPH_4876	45	38	23
PSPPH_4877	16	7	20
PSPPH_4878	1	1	0
PSPPH_4879	42	16	26
PSPPH_4880	26	15	12
PSPPH_4882	70	33	39
PSPPH_4883	180	80	101
PSPPH_4884	182	84	102
PSPPH_4885	195	116	88
PSPPH_4886	210	116	99
PSPPH_4887	46	24	26
PSPPH_4888	47	23	31
PSPPH_4889	70	30	45
PSPPH_4890	102	60	49
PSPPH_4891	64	33	36
PSPPH_4892	49	26	25
PSPPH_4893	66	38	28
PSPPH_4894	83	48	38
PSPPH_4895	266	143	127
PSPPH_4896	123	60	67
PSPPH_4897	195	97	106
PSPPH_4898	255	128	132
PSPPH_4899	35	15	25
PSPPH_4900	61	22	41
PSPPH_4902	27	15	13
PSPPH_4903	17	9	10
PSPPH_4904	19	8	11
PSPPH_4905	27	12	16
PSPPH_4906	41	19	24
PSPPH_4907	833	419	417
PSPPH_4908	74	49	28
PSPPH_4909	39	19	23
PSPPH_4910	27	17	15
PSPPH_4911	43	18	38
PSPPH_4912	40	24	22
PSPPH_4913	90	39	53
PSPPH_4914	17	8	9
PSPPH_4915	21	13	10
PSPPH_4916	193	110	92
PSPPH_4917	72	45	32
PSPPH_4918	148	70	82
PSPPH_4919	49	28	23
PSPPH_4920	36	16	23
PSPPH_4921	30	14	20
PSPPH_4922	77	34	45
PSPPH_4923	60	22	45
PSPPH_4924	13	4	9
PSPPH_4925	53	26	29
PSPPH_4926	65	34	34
PSPPH_4927	143	86	58
PSPPH_4928	213	122	93
PSPPH_4929	133	67	73
PSPPH_4930	53	30	25
PSPPH_4931	15	9	6
PSPPH_4933	13	5	8
PSPPH_4934	15	8	8
PSPPH_4935	68	41	31
PSPPH_4936	31	22	25
PSPPH_4937	343	160	199
PSPPH_4938	53	28	29
PSPPH_4939	75	30	46
PSPPH_4941	27	12	16
PSPPH_4942	67	31	38
PSPPH_4943	26	14	15
PSPPH_4944	65	47	24
PSPPH_4946	9	5	4
PSPPH_4947	25	12	13
PSPPH_4948	13	5	8
PSPPH_4950	16	11	5
PSPPH_4951	69	36	35
PSPPH_4952	7	3	7
PSPPH_4953	137	69	86
PSPPH_4954	9	4	5
PSPPH_4955	49	22	31
PSPPH_4956	6	0	6
PSPPH_4957	105	59	57
PSPPH_4958	4	2	2
PSPPH_4959	8	0	9
PSPPH_4960	18	5	13
PSPPH_4961	16	6	10
PSPPH_4962	8	6	3
PSPPH_4963	10	7	5
PSPPH_4964	50	27	26
PSPPH_4965	8	2	8
PSPPH_4966	4	3	1
PSPPH_4967	25	17	9
PSPPH_4969	48	27	23
PSPPH_4970	15	4	11
PSPPH_4971	27	23	10
PSPPH_4972	6	4	2
PSPPH_4973	44	19	28
PSPPH_4974	66	35	34
PSPPH_4975	44	21	28
PSPPH_4976	37	17	26
PSPPH_4977	31	19	16
PSPPH_4978	107	59	57
PSPPH_4979	134	58	85
PSPPH_4980	56	34	26
PSPPH_4981	71	36	39
PSPPH_4982	67	38	32
PSPPH_4983	87	48	47
PSPPH_4984	69	41	34
PSPPH_4985	113	64	54
PSPPH_4986	69	43	32
PSPPH_4987	3	1	2
PSPPH_4988	50	21	30
PSPPH_4989	0	0	0
PSPPH_4990	18	8	14
PSPPH_4991	49	21	30
PSPPH_4992	18	9	9
PSPPH_4993	29	12	18
PSPPH_4994	551	266	294
PSPPH_4995	391	210	211
PSPPH_4996	95	67	64
PSPPH_4997	99	49	53
PSPPH_4998	137	78	69
PSPPH_4999	17	10	15
PSPPH_5000	100	43	58
PSPPH_5001	183	100	97
PSPPH_5002	103	46	59
PSPPH_5003	169	76	95
PSPPH_5004	62	32	31
PSPPH_5005	68	31	41
PSPPH_5006	73	33	41
PSPPH_5007	63	38	27
PSPPH_5008	93	46	50
PSPPH_5009	8	4	4
PSPPH_5010	15	9	7
PSPPH_5011	20	7	14
PSPPH_5012	29	16	17
PSPPH_5013	97	65	46
PSPPH_5014	364	184	180
PSPPH_5015	20	7	13
PSPPH_5016	59	37	25
PSPPH_5017	63	29	38
PSPPH_5018	19	13	8
PSPPH_5019	64	30	36
PSPPH_5020	35	12	25
PSPPH_5021	63	32	34
PSPPH_5022	207	101	118
PSPPH_5023	79	38	47
PSPPH_5024	63	23	43
PSPPH_5025	33	13	24
PSPPH_5026	36	20	18
PSPPH_5027	53	31	23
PSPPH_5028	44	26	21
PSPPH_5030	84	47	49
PSPPH_5031	25	15	14
PSPPH_5032	17	11	10
PSPPH_5033	54	33	28
PSPPH_5034	13	6	10
PSPPH_5035	30	20	14
PSPPH_5036	55	25	34
PSPPH_5037	41	20	26
PSPPH_5039	40	21	26
PSPPH_5040	52	23	35
PSPPH_5041	26	12	14
PSPPH_5042	19	13	9
PSPPH_5043	18	8	10
PSPPH_5044	42	23	21
PSPPH_5045	57	44	20
PSPPH_5046	8	8	4
PSPPH_5047	75	54	27
PSPPH_5048	83	48	39
PSPPH_5049	97	56	49
PSPPH_5050	12	10	4
PSPPH_5051	18	11	9
PSPPH_5052	34	21	13
PSPPH_5053	113	49	68
PSPPH_5054	9	2	8
PSPPH_5055	7	3	6
PSPPH_5056	13	7	8
PSPPH_5057	105	55	55
PSPPH_5058	24	16	10
PSPPH_5059	19	9	11
PSPPH_5060	21	12	12
PSPPH_5061	109	55	63
PSPPH_5062	1	0	1
PSPPH_5063	109	62	62
PSPPH_5064	26	21	7
PSPPH_5065	29	13	18
PSPPH_5066	75	48	34
PSPPH_5067	23	12	16
PSPPH_5068	106	55	57
PSPPH_5069	183	104	91
PSPPH_5070	72	38	37
PSPPH_5071	54	29	30
PSPPH_5072	334	183	167
PSPPH_5073	23	12	12
PSPPH_5074	19	10	9
PSPPH_5075	6	3	3
PSPPH_5077	59	15	47
PSPPH_5078	24	15	12
PSPPH_5079	148	89	69
PSPPH_5080	27	18	9
PSPPH_5081	18	9	11
PSPPH_5082	45	20	27
PSPPH_5083	78	47	40
PSPPH_5084	124	59	70
PSPPH_5085	112	66	51
PSPPH_5086	150	72	81
PSPPH_5087	71	42	33
PSPPH_5088	45	31	17
PSPPH_5089	38	29	30
PSPPH_5090	203	107	103
PSPPH_5091	35	9	29
PSPPH_5097	10	7	4
PSPPH_5098	32	16	16
PSPPH_5099	32	19	14
PSPPH_5100	10	3	7
PSPPH_5101	43	24	19
PSPPH_5102	122	61	62
PSPPH_5103	17	8	9
PSPPH_5104	3	3	0
PSPPH_5105	15	8	7
PSPPH_5106	52	27	29
PSPPH_5107	15	11	8
PSPPH_5108	11	5	6
PSPPH_5109	219	106	113
PSPPH_5110	87	40	47
PSPPH_5111	9	6	3
PSPPH_5112	9	6	3
PSPPH_5113	18	8	10
PSPPH_5114	13	4	9
PSPPH_5115	7	4	6
PSPPH_5116	31	16	17
PSPPH_5117	37	24	15
PSPPH_5118	21	8	13
PSPPH_5119	61	32	29
PSPPH_5120	24	12	12
PSPPH_5121	16	9	8
PSPPH_5122	17	9	10
PSPPH_5123	5	1	4
PSPPH_5124	35	22	13
PSPPH_5125	17	8	9
PSPPH_5126	44	29	22
PSPPH_5127	14	13	8
PSPPH_5128	16	8	8
PSPPH_5129	64	41	23
PSPPH_5130	42	21	21
PSPPH_5131	5	4	2
PSPPH_5132	36	15	21
PSPPH_5133	26	18	14
PSPPH_5134	48	26	22
PSPPH_5135	41	27	16
PSPPH_5136	15	7	10
PSPPH_5137	28	19	10
PSPPH_5138	6	3	3
PSPPH_5139	13	6	7
PSPPH_5140	8	4	5
PSPPH_5141	22	11	11
PSPPH_5142	379	186	194
PSPPH_5143	351	189	163
PSPPH_5144	9	5	4
PSPPH_5145	21	11	11
PSPPH_5146	0	0	0
PSPPH_5147	100	56	44
PSPPH_5148	207	109	99
PSPPH_5149	63	34	36
PSPPH_5150	18	18	9
PSPPH_5151	44	31	21
PSPPH_5152	23	12	19
PSPPH_5153	40	26	15
PSPPH_5154	31	12	23
PSPPH_5155	5	9	5
PSPPH_5156	18	8	18
PSPPH_5157	37	18	20
PSPPH_5158	6	3	3
PSPPH_5159	56	30	26
PSPPH_5160	27	14	14
PSPPH_5161	104	69	69
PSPPH_5162	639	312	361
PSPPH_5163	64	34	30
PSPPH_5164	56	34	22
PSPPH_5165	20	9	11
PSPPH_5166	46	18	29
PSPPH_5167	3	0	3
PSPPH_5168	104	55	49
PSPPH_5169	5	4	1
PSPPH_5170	8	2	6
PSPPH_5171	5	3	2
PSPPH_5172	32	17	15
PSPPH_5173	20	11	9
PSPPH_5174	17	13	4
PSPPH_5175	7	3	5
PSPPH_5176	20	11	9
PSPPH_5177	10	9	1
PSPPH_5178	4	1	4
PSPPH_5179	22	9	13
PSPPH_5180	16	8	10
PSPPH_5181	1	0	1
PSPPH_5182	5	4	1
PSPPH_5183	28	14	14
PSPPH_5184	2	2	0
PSPPH_5185	6	2	4
PSPPH_5186	51	32	31
PSPPH_5187	574	288	298
PSPPH_5188	409	194	216
PSPPH_5189	158	85	73
PSPPH_5190	125	68	58
PSPPH_5191	183	93	90
PSPPH_5192	175	93	84
PSPPH_5193	62	37	29
PSPPH_5194	12	10	5
PSPPH_5196	0	0	0
PSPPH_5197	9	6	3
PSPPH_5198	0	0	0
PSPPH_5202	1	0	1
PSPPH_5203	47	30	18
PSPPH_5204	3	2	1
PSPPH_5205	76	39	37
PSPPH_5206	57	24	34
PSPPH_5207	425	212	213
PSPPH_5208	173	81	92
PSPPH_5209	552	277	275
PSPPH_5210	117	62	55
PSPPH_5211	162	77	85
PSPPH_5212	75	27	48
PSPPH_5213	57	29	28
PSPPH_5214	7	1	6
PSPPH_5215	72	35	37
PSPPH_5216	58	28	30
PSPPH_5217	27	13	14
PSPPH_5218	149	73	77
PSPPH_5219	59	26	35
PSPPH_5220	86	40	46
PSPPH_5221	11	6	5
PSPPH_5222	22	11	11
PSPPH_5223	46	26	20
PSPPH_5224	2	2	1
PSPPH_A0001	4	1	3
PSPPH_A0002	31	12	19
PSPPH_A0004	1	1	0
PSPPH_A0005	0	0	0
PSPPH_A0006	0	0	0
PSPPH_A0007	0	0	0
PSPPH_A0008	0	0	0
PSPPH_A0009	0	0	0
PSPPH_A0010	1644	885	867
PSPPH_A0011	0	45	54
PSPPH_A0012	312	158	154
PSPPH_A0014	2	1	1
PSPPH_A0016	7	5	2
PSPPH_A0017	7	2	5
PSPPH_A0018	2	2	0
PSPPH_A0019	20	8	12
PSPPH_A0021	20	8	12
PSPPH_A0022	33	24	26
PSPPH_A0023	11	17	11
PSPPH_A0025	42	24	26
PSPPH_A0026	43	29	31
PSPPH_A0027	510	278	243
PSPPH_A0028	10	4	8
PSPPH_A0029	2	1	1
PSPPH_A0030	19	9	10
PSPPH_A0031	6760	3762	3697
PSPPH_A0032	183	415	469
PSPPH_A0033	126	92	90
PSPPH_A0034	35	39	50
PSPPH_A0035	19	6	13
PSPPH_A0037	7	2	5
PSPPH_A0039	2	1	1
PSPPH_A0040	31	16	15
PSPPH_A0042	428	216	223
PSPPH_A0043	14	9	16
PSPPH_A0044	2	1	1
PSPPH_A0045	2	0	2
PSPPH_A0047	91	48	43
PSPPH_A0048	176	84	92
PSPPH_A0049	17	10	7
PSPPH_A0050	16	7	9
PSPPH_A0051	13	4	9
PSPPH_A0052	13	4	9
PSPPH_A0053	0	0	0
PSPPH_A0055	31	17	14
PSPPH_A0056	1317	664	653
PSPPH_A0059	3	2	1
PSPPH_A0060	11	3	8
PSPPH_A0061	53	27	26
PSPPH_A0062	127	62	65
PSPPH_A0063	50	20	30
PSPPH_A0064	155	75	81
PSPPH_A0065	9	1	8
PSPPH_A0066	48	26	22
PSPPH_A0067	7	3	4
PSPPH_A0068	36	13	23
PSPPH_A0069	77	42	36
PSPPH_A0070	21	10	11
PSPPH_A0071	1	0	1
PSPPH_A0072	0	0	0
PSPPH_A0073	0	0	0
PSPPH_A0074	0	0	0
PSPPH_A0075	0	0	0
PSPPH_A0076	26	14	12
PSPPH_A0077	62	30	32
PSPPH_A0080	165	74	91
PSPPH_A0081	6	3	3
PSPPH_A0083	3	2	1
PSPPH_A0085	34	16	18
PSPPH_A0087	430	224	206
PSPPH_A0089	14	4	10
PSPPH_A0090	1	0	1
PSPPH_A0091	4	1	3
PSPPH_A0092	2	2	4
PSPPH_A0093	109	69	44
PSPPH_A0094	66	33	33
PSPPH_A0095	40	18	22
PSPPH_A0096	12	5	7
PSPPH_A0097	0	0	0
PSPPH_A0098	37	23	14
PSPPH_A0099	2	2	0
PSPPH_A0100	0	0	0
PSPPH_A0101	13	8	5
PSPPH_A0102	98	56	42
PSPPH_A0103	65	35	35
PSPPH_A0104	76	47	34
PSPPH_A0105	33	20	13
PSPPH_A0106	188	87	101
PSPPH_A0107	249	122	127
PSPPH_A0108	390	188	203
PSPPH_A0109	164	90	75
PSPPH_A0110	156	78	78
PSPPH_A0111	0	0	0
PSPPH_A0112	82	39	43
PSPPH_A0113	132	67	65
PSPPH_A0114	3	2	2
PSPPH_A0115	22	15	8
PSPPH_A0116	8	3	5
PSPPH_A0117	3	2	1
PSPPH_A0118	2	2	0
PSPPH_A0120	265	138	127
PSPPH_A0122	273	128	145
PSPPH_A0123	4	4	0
PSPPH_A0125	39	16	23
PSPPH_A0126	26	8	18
PSPPH_A0127	1584	792	792
PSPPH_A0128	1	0	1
PSPPH_A0129	226	127	126
PSPPH_A0130	26	22	31
PSPPH_A0132	1	0	1
PSPPH_A0133	1107	568	539
PSPPH_A0134	0	0	0
PSPPH_A0135	63	30	34
PSPPH_A0136	52	25	27
PSPPH_A0137	53	34	19
PSPPH_A0138	172	86	86
PSPPH_A0139	62	29	33
PSPPH_A0140	160	84	81
PSPPH_A0141	12	6	11
PSPPH_A0142	176	94	82
PSPPH_A0143	1	1	0
PSPPH_A0144	7	6	1
PSPPH_A0145	43	24	19
PSPPH_A0146	2	1	1
PSPPH_A0147	13	6	7
PSPPH_A0148	61	35	27
PSPPH_A0149	5	2	3
PSPPH_B0001	0	0	0
PSPPH_B0002	1	0	1
PSPPH_B0003	0	0	0
PSPPH_B0004	0	0	0
PSPPH_B0005	0	0	0
PSPPH_B0006	0	0	0
PSPPH_B0007	0	0	0
PSPPH_B0008	0	0	0
PSPPH_B0009	0	0	0
PSPPH_B0010	0	0	0
PSPPH_B0011	0	0	0
PSPPH_B0012	0	0	0
PSPPH_B0013	0	0	0
PSPPH_B0014	0	0	0
PSPPH_B0015	0	0	0
PSPPH_B0016	0	0	0
PSPPH_B0017	0	0	0
PSPPH_B0018	0	0	0
PSPPH_B0019	0	0	0
PSPPH_B0020	0	0	0
PSPPH_B0021	0	0	0
PSPPH_B0022	1	0	1
PSPPH_B0023	0	0	0
PSPPH_B0024	0	0	0
PSPPH_B0025	0	0	0
PSPPH_B0026	0	0	0
PSPPH_B0027	0	0	0
PSPPH_B0028	0	0	0
PSPPH_B0029	2	2	0
PSPPH_B0030	0	0	0
PSPPH_B0031	3	1	2
PSPPH_B0032	0	0	0
PSPPH_B0033	0	0	0
PSPPH_B0034	0	0	0
PSPPH_B0035	3	2	1
PSPPH_B0036	0	0	0
PSPPH_B0037	0	0	0
PSPPH_B0038	0	0	0
PSPPH_B0039	0	0	0
PSPPH_B0040	0	0	0
PSPPH_B0041	0	0	0
PSPPH_B0042	0	0	0
PSPPH_B0043	4	0	4
PSPPH_B0044	0	0	0
PSPPH_B0045	0	0	0
PSPPH_B0046	0	0	0
PSPPH_B0047	0	0	0
PSPPH_B0048	0	0	0
PSPPH_B0049	0	0	0
PSPPH_B0050	0	0	0
PSPPH_B0051	0	0	0
PSPPH_B0052	0	0	0
PSPPH_B0053	0	0	0
PSPPH_B0054	0	0	0
PSPPH_B0055	0	0	0
PSPPH_B0056	0	0	0
PSPPH_B0057	0	0	0
PSPPH_B0058	0	0	0
PSPPH_B0059	0	0	0
PSPPH_B0060	0	0	0
