N_unmapped	2900407	2900407	2900407
N_multimapping	0	0	0
N_noFeature	40729	107972	109259
N_ambiguous	10093	4427	4252
PSPPH_0001	35	17	18
PSPPH_0002	35	20	15
PSPPH_0003	12	3	9
PSPPH_0004	72	48	24
PSPPH_0005	22	14	8
PSPPH_0007	0	0	0
PSPPH_0008	0	0	0
PSPPH_0009	19	7	12
PSPPH_0010	16	7	9
PSPPH_0011	58	34	24
PSPPH_0012	21	13	8
PSPPH_0013	3	1	2
PSPPH_0014	30	14	16
PSPPH_0015	10	7	3
PSPPH_0016	0	0	0
PSPPH_0017	1	1	0
PSPPH_0018	35	16	19
PSPPH_0019	19	8	11
PSPPH_0020	17	7	10
PSPPH_0021	59	36	23
PSPPH_0022	55	21	34
PSPPH_0023	10	4	6
PSPPH_0024	30	16	17
PSPPH_0025	73	32	44
PSPPH_0026	8	5	3
PSPPH_0027	8	4	4
PSPPH_0028	12	6	6
PSPPH_0029	9	6	3
PSPPH_0030	12	5	7
PSPPH_0031	8	2	6
PSPPH_0032	3	1	2
PSPPH_0033	39	23	16
PSPPH_0034	6	2	4
PSPPH_0035	25	13	12
PSPPH_0036	64	31	34
PSPPH_0037	8	3	8
PSPPH_0038	11	10	3
PSPPH_0039	14	4	10
PSPPH_0040	5	1	4
PSPPH_0041	49	21	28
PSPPH_0042	43	26	17
PSPPH_0043	1	0	1
PSPPH_0044	2	1	1
PSPPH_0046	15	4	11
PSPPH_0048	25	11	14
PSPPH_0049	0	0	0
PSPPH_0050	12	5	8
PSPPH_0051	110	63	48
PSPPH_0052	8	4	7
PSPPH_0053	5	4	4
PSPPH_0054	17	9	8
PSPPH_0055	5	2	3
PSPPH_0056	3	1	2
PSPPH_0057	32	18	17
PSPPH_0058	8	5	8
PSPPH_0059	168	75	95
PSPPH_0060	6	3	3
PSPPH_0061	31	12	19
PSPPH_0062	3	2	1
PSPPH_0063	4	2	2
PSPPH_0064	36	15	21
PSPPH_0065	40	20	20
PSPPH_0066	22	13	9
PSPPH_0067	18	8	11
PSPPH_0068	1	4	1
PSPPH_0069	54	33	24
PSPPH_0070	41	16	26
PSPPH_0071	53	26	28
PSPPH_0072	10	6	6
PSPPH_0073	3	2	3
PSPPH_0074	6	4	2
PSPPH_0075	19	8	11
PSPPH_0076	7	3	4
PSPPH_0077	7	4	3
PSPPH_0078	20	12	13
PSPPH_0079	11	8	6
PSPPH_0080	12	5	7
PSPPH_0081	8	0	8
PSPPH_0082	7	4	3
PSPPH_0083	94	48	46
PSPPH_0084	62	27	35
PSPPH_0085	29	18	11
PSPPH_0086	10	7	3
PSPPH_0087	2	1	1
PSPPH_0088	3	2	1
PSPPH_0089	3	2	1
PSPPH_0090	1	1	0
PSPPH_0091	25	17	9
PSPPH_0092	99	46	54
PSPPH_0093	8	2	6
PSPPH_0094	36	19	17
PSPPH_0095	85	44	42
PSPPH_0096	176	97	80
PSPPH_0097	11	4	7
PSPPH_0099	13	7	6
PSPPH_0100	5	2	3
PSPPH_0101	3	2	1
PSPPH_0102	4	2	2
PSPPH_0103	2	1	1
PSPPH_0104	89	40	49
PSPPH_0105	28	18	10
PSPPH_0106	21	11	10
PSPPH_0107	34	18	16
PSPPH_0108	7	3	4
PSPPH_0109	1	1	0
PSPPH_0110	13	8	5
PSPPH_0111	2	2	0
PSPPH_0112	0	0	0
PSPPH_0113	0	0	0
PSPPH_0114	0	0	0
PSPPH_0115	1	0	1
PSPPH_0116	7	4	3
PSPPH_0117	9	4	5
PSPPH_0118	0	0	0
PSPPH_0119	0	0	0
PSPPH_0121	7	4	3
PSPPH_0122	552	262	290
PSPPH_0123	20	11	9
PSPPH_0124	12	6	8
PSPPH_0125	57	38	19
PSPPH_0126	5	3	2
PSPPH_0127	11	6	5
PSPPH_0128	17	9	8
PSPPH_0129	36	12	24
PSPPH_0130	6	2	4
PSPPH_0131	25	16	9
PSPPH_0132	16	12	4
PSPPH_0133	79	39	40
PSPPH_0134	33	14	19
PSPPH_0135	12	8	4
PSPPH_0136	1	0	1
PSPPH_0138	10	6	4
PSPPH_0139	127	66	61
PSPPH_0140	53	28	25
PSPPH_0141	20	9	11
PSPPH_0142	17	16	2
PSPPH_0143	6	3	4
PSPPH_0144	6	3	3
PSPPH_0145	2	1	1
PSPPH_0146	13	8	5
PSPPH_0147	20	8	13
PSPPH_0148	0	1	1
PSPPH_0149	10	4	7
PSPPH_0150	23	13	10
PSPPH_0152	12	8	4
PSPPH_0153	20	8	12
PSPPH_0154	41	22	19
PSPPH_0155	32	14	20
PSPPH_0156	5	6	1
PSPPH_0157	4	3	1
PSPPH_0158	5	2	3
PSPPH_0159	0	0	0
PSPPH_0160	3	0	3
PSPPH_0161	1	0	2
PSPPH_0162	0	1	0
PSPPH_0163	1	1	0
PSPPH_0164	22	7	15
PSPPH_0165	13	6	10
PSPPH_0166	0	2	0
PSPPH_0167	6	4	2
PSPPH_0169	0	0	0
PSPPH_0170	0	0	0
PSPPH_0171	111	56	55
PSPPH_5226	0	0	0
PSPPH_0173	25	13	12
PSPPH_0174	2	0	2
PSPPH_0175	0	0	0
PSPPH_0176	2	2	0
PSPPH_0177	2	1	1
PSPPH_0178	8	1	7
PSPPH_0179	53	31	22
PSPPH_0180	76	42	34
PSPPH_0181	28	19	9
PSPPH_0182	4	1	4
PSPPH_0184	5	3	2
PSPPH_0185	2	1	1
PSPPH_0186	16	6	11
PSPPH_0187	16	12	4
PSPPH_0188	41	20	21
PSPPH_0189	72	35	37
PSPPH_0190	10	7	3
PSPPH_0191	11	6	5
PSPPH_0192	1	1	0
PSPPH_0193	7	3	4
PSPPH_0194	12	5	7
PSPPH_0195	17	7	10
PSPPH_0196	6	4	2
PSPPH_0197	51	29	23
PSPPH_0198	17	7	10
PSPPH_0199	14	5	9
PSPPH_0200	15	7	8
PSPPH_0201	12	4	8
PSPPH_0202	6	4	3
PSPPH_0203	47	27	21
PSPPH_0204	27	17	10
PSPPH_0205	12	10	2
PSPPH_0206	63	36	27
PSPPH_0207	61	39	23
PSPPH_0208	7	4	3
PSPPH_0209	17	8	9
PSPPH_0210	6	4	2
PSPPH_0211	32	16	16
PSPPH_0212	106	54	52
PSPPH_0213	28	10	18
PSPPH_0214	13	6	7
PSPPH_0215	217	96	121
PSPPH_0216	14	10	11
PSPPH_0217	16	15	8
PSPPH_0218	66	36	30
PSPPH_0219	10	8	5
PSPPH_0220	23	12	14
PSPPH_0221	1	1	1
PSPPH_0222	6	1	6
PSPPH_0223	80	38	43
PSPPH_0224	11	8	3
PSPPH_0225	16	10	6
PSPPH_0226	1	1	0
PSPPH_0227	1	1	0
PSPPH_0228	0	0	0
PSPPH_0229	10	5	10
PSPPH_0230	31	19	18
PSPPH_0231	7	4	4
PSPPH_0232	3	1	3
PSPPH_0233	7	2	5
PSPPH_0234	19	13	6
PSPPH_0235	29	10	21
PSPPH_0236	30	22	9
PSPPH_0237	29	15	14
PSPPH_0238	1	0	1
PSPPH_0239	4	3	1
PSPPH_0240	37	16	23
PSPPH_0241	53	29	27
PSPPH_0242	35	13	22
PSPPH_0243	44	15	29
PSPPH_0244	1	1	0
PSPPH_0245	41	25	16
PSPPH_0246	55	23	32
PSPPH_0247	15	8	7
PSPPH_0248	53	29	24
PSPPH_0249	26	15	11
PSPPH_0250	59	32	27
PSPPH_0251	12	3	9
PSPPH_0252	58	29	29
PSPPH_0253	28	16	13
PSPPH_0254	3	3	1
PSPPH_0255	31	13	18
PSPPH_0256	27	13	14
PSPPH_0257	105	49	56
PSPPH_0258	16	11	5
PSPPH_0259	35	21	14
PSPPH_0260	12	8	4
PSPPH_0261	26	9	17
PSPPH_0262	59	26	34
PSPPH_0263	7	3	5
PSPPH_0264	6	2	4
PSPPH_0265	4	0	4
PSPPH_0266	21	10	11
PSPPH_0267	15	7	8
PSPPH_0268	8	4	4
PSPPH_0269	4	2	2
PSPPH_0270	14	9	7
PSPPH_0271	2	1	2
PSPPH_0272	5	2	3
PSPPH_0273	1	1	0
PSPPH_0274	16	11	5
PSPPH_0275	46	23	23
PSPPH_0276	25	14	11
PSPPH_0277	9	7	2
PSPPH_0278	11	7	4
PSPPH_0279	21	12	9
PSPPH_0280	55	28	29
PSPPH_0281	46	25	23
PSPPH_0282	2	0	2
PSPPH_0283	3	1	2
PSPPH_0284	10	6	4
PSPPH_0285	4	4	0
PSPPH_0286	5	1	4
PSPPH_0287	30	11	19
PSPPH_0288	41	20	21
PSPPH_0289	37	21	16
PSPPH_0290	30	20	10
PSPPH_0291	15	6	11
PSPPH_0292	24	21	5
PSPPH_0293	3	3	0
PSPPH_0294	4	2	2
PSPPH_0295	3	2	1
PSPPH_0296	0	0	0
PSPPH_0298	9	7	2
PSPPH_0299	18	17	10
PSPPH_0300	13	9	13
PSPPH_0301	1	2	0
PSPPH_0302	5	3	3
PSPPH_0303	13	7	6
PSPPH_0304	2	2	3
PSPPH_0305	5	4	4
PSPPH_0306	13	8	5
PSPPH_0307	27	11	16
PSPPH_0308	28	20	8
PSPPH_0310	3	2	1
PSPPH_0311	9	6	3
PSPPH_0312	4	3	1
PSPPH_0313	26	11	16
PSPPH_0314	14	5	9
PSPPH_0315	4	3	1
PSPPH_0316	3	3	0
PSPPH_0317	4	1	3
PSPPH_0318	7	4	3
PSPPH_0319	13	9	4
PSPPH_0320	11	5	6
PSPPH_0321	1	0	1
PSPPH_0322	6	2	4
PSPPH_0323	3	0	3
PSPPH_0324	3	2	1
PSPPH_0325	10	3	7
PSPPH_0326	3	2	1
PSPPH_0327	14	5	9
PSPPH_0328	16	11	5
PSPPH_0329	48	26	25
PSPPH_0330	6	3	6
PSPPH_0331	10	6	4
PSPPH_0332	3	2	1
PSPPH_0333	7	3	4
PSPPH_0334	6	2	4
PSPPH_0335	4	4	0
PSPPH_0336	6	1	5
PSPPH_0337	5	0	5
PSPPH_0338	1	1	0
PSPPH_0339	1	0	1
PSPPH_0340	20	7	13
PSPPH_0341	9	6	3
PSPPH_0342	25	9	16
PSPPH_0343	16	8	8
PSPPH_0344	41	21	21
PSPPH_0345	13	5	9
PSPPH_0346	6	5	1
PSPPH_0347	3	3	0
PSPPH_0348	7	5	2
PSPPH_0349	18	8	10
PSPPH_0350	161	95	66
PSPPH_0351	15	7	8
PSPPH_0352	4	2	2
PSPPH_0353	27	13	14
PSPPH_0354	16	12	4
PSPPH_0355	22	13	9
PSPPH_0356	79	43	36
PSPPH_0357	53	29	24
PSPPH_0358	4	1	3
PSPPH_0359	98	57	41
PSPPH_0360	126	64	63
PSPPH_0361	11	5	6
PSPPH_0362	4	1	3
PSPPH_0363	16	7	9
PSPPH_0364	2	1	1
PSPPH_0365	8	4	4
PSPPH_0366	11	6	5
PSPPH_0367	12	9	3
PSPPH_0368	6	2	4
PSPPH_0369	6	2	4
PSPPH_0370	24	20	4
PSPPH_0371	5	1	4
PSPPH_0372	18	14	4
PSPPH_0373	7	3	4
PSPPH_0374	37	26	11
PSPPH_0375	260	126	134
PSPPH_0376	1	1	0
PSPPH_0377	13	9	4
PSPPH_0378	12	6	6
PSPPH_0379	47	24	23
PSPPH_0380	2	1	1
PSPPH_0381	510	275	235
PSPPH_0382	281	137	144
PSPPH_0383	15	10	5
PSPPH_0384	20	11	9
PSPPH_0385	11	6	5
PSPPH_0386	15	6	9
PSPPH_0387	9	1	8
PSPPH_0388	48	23	25
PSPPH_0389	45	23	22
PSPPH_0390	3	2	1
PSPPH_0391	1	1	0
PSPPH_0392	6	4	2
PSPPH_0393	9	5	4
PSPPH_0394	40	20	20
PSPPH_0395	6	1	5
PSPPH_0396	35	24	11
PSPPH_0397	92	47	45
PSPPH_0398	114	66	48
PSPPH_0399	0	0	0
PSPPH_0400	33	13	20
PSPPH_0401	9	2	7
PSPPH_0402	8	6	2
PSPPH_0403	10	6	4
PSPPH_0404	5	3	2
PSPPH_0405	6	3	3
PSPPH_0406	4	3	1
PSPPH_0407	4	2	2
PSPPH_0408	6	4	2
PSPPH_0409	12	12	1
PSPPH_0410	8	2	6
PSPPH_0411	4	3	2
PSPPH_0412	5	5	0
PSPPH_0413	8	3	5
PSPPH_0414	5	3	2
PSPPH_0415	8	3	5
PSPPH_0416	4	0	4
PSPPH_0417	3	1	2
PSPPH_0418	11	4	7
PSPPH_0419	22	14	8
PSPPH_0420	5	5	0
PSPPH_0421	2	2	0
PSPPH_0422	9	5	4
PSPPH_0423	1	0	1
PSPPH_0424	1	0	1
PSPPH_0425	4	0	4
PSPPH_0426	1	0	1
PSPPH_0427	0	0	0
PSPPH_0428	0	0	0
PSPPH_0429	1	0	1
PSPPH_0430	9	6	3
PSPPH_0431	11	6	5
PSPPH_0432	2	1	1
PSPPH_0433	79	34	46
PSPPH_0434	17	10	7
PSPPH_0435	2	2	0
PSPPH_0436	12	5	7
PSPPH_0437	14	5	9
PSPPH_0438	21	14	7
PSPPH_0439	16	8	8
PSPPH_0440	3	2	1
PSPPH_0441	2	2	1
PSPPH_0442	3	0	4
PSPPH_0443	8	7	3
PSPPH_0444	12	6	8
PSPPH_0445	18	8	10
PSPPH_0446	20	7	13
PSPPH_0447	16	9	7
PSPPH_0448	71	31	40
PSPPH_0449	46	29	18
PSPPH_0450	13	6	7
PSPPH_0451	62	43	19
PSPPH_0452	5	3	4
PSPPH_0453	5	3	4
PSPPH_0454	10	6	5
PSPPH_0455	3	3	0
PSPPH_0456	4	1	4
PSPPH_0457	2	1	1
PSPPH_0458	4	4	0
PSPPH_0459	15	5	10
PSPPH_0460	34	17	18
PSPPH_0461	3	0	3
PSPPH_0462	9	4	5
PSPPH_0463	5	2	3
PSPPH_0464	7	3	4
PSPPH_0465	6	1	5
PSPPH_0466	38	21	17
PSPPH_0467	37	17	21
PSPPH_0468	12	4	8
PSPPH_0469	28	12	16
PSPPH_0470	9	3	6
PSPPH_0471	5	2	3
PSPPH_0472	33	14	19
PSPPH_0473	28	12	16
PSPPH_0474	9	6	3
PSPPH_0475	9	6	3
PSPPH_0476	25	11	14
PSPPH_0477	17	9	8
PSPPH_0478	15	11	5
PSPPH_0479	19	10	10
PSPPH_0480	3	2	1
PSPPH_0481	3	3	0
PSPPH_0482	25	13	12
PSPPH_0483	143	78	65
PSPPH_0484	9	3	6
PSPPH_0485	14	2	12
PSPPH_0486	5	1	4
PSPPH_0487	10	3	7
PSPPH_0488	7	5	2
PSPPH_0490	27	14	13
PSPPH_0491	14	9	6
PSPPH_0492	54	27	28
PSPPH_0493	19	11	8
PSPPH_0494	15	6	10
PSPPH_0495	9	2	8
PSPPH_0496	232	115	117
PSPPH_0497	30	17	13
PSPPH_0498	20	10	10
PSPPH_0499	30	10	20
PSPPH_0500	11	6	6
PSPPH_0501	2	2	1
PSPPH_0502	2	0	2
PSPPH_0503	11	7	6
PSPPH_0504	10	6	6
PSPPH_0505	11	5	6
PSPPH_0506	19	15	4
PSPPH_0507	238	125	113
PSPPH_0508	245	120	125
PSPPH_0509	70	29	41
PSPPH_0510	13	8	5
PSPPH_0511	15	9	6
PSPPH_0512	28	15	13
PSPPH_0513	19	8	11
PSPPH_0514	6	4	2
PSPPH_0515	8	5	3
PSPPH_0516	13	6	7
PSPPH_0517	25	10	17
PSPPH_0518	3	1	2
PSPPH_0519	28	11	17
PSPPH_0520	19	11	8
PSPPH_0521	10	2	8
PSPPH_0522	11	8	3
PSPPH_0523	6	5	1
PSPPH_0524	8	1	7
PSPPH_0525	14	8	6
PSPPH_0526	3	1	2
PSPPH_0527	26	12	14
PSPPH_0528	38	15	26
PSPPH_0529	7	6	4
PSPPH_0530	7	6	1
PSPPH_0531	57	24	33
PSPPH_0532	3	0	3
PSPPH_0533	15	6	10
PSPPH_0534	39	18	21
PSPPH_0535	82	34	48
PSPPH_0536	5	4	1
PSPPH_0537	0	2	2
PSPPH_0538	14	8	10
PSPPH_0539	50	22	28
PSPPH_0540	24	16	8
PSPPH_0541	2	2	0
PSPPH_0542	27	17	10
PSPPH_0543	8	3	5
PSPPH_0544	35	17	18
PSPPH_0545	45	22	23
PSPPH_0546	8	1	7
PSPPH_0547	65	31	34
PSPPH_0548	95	50	45
PSPPH_0549	13	7	6
PSPPH_0550	12	8	4
PSPPH_0551	18	7	11
PSPPH_0552	30	14	16
PSPPH_0553	73	40	33
PSPPH_0554	7	5	3
PSPPH_0555	4	2	2
PSPPH_0556	11	5	6
PSPPH_0557	12	7	5
PSPPH_0558	10	5	5
PSPPH_0559	12	8	4
PSPPH_0560	33	18	15
PSPPH_0561	10	3	7
PSPPH_0562	56	34	22
PSPPH_0563	52	27	25
PSPPH_0564	39	18	21
PSPPH_0565	106	48	58
PSPPH_0566	96	56	40
PSPPH_0567	114	62	54
PSPPH_0568	104	54	50
PSPPH_0569	17	5	12
PSPPH_0570	61	34	27
PSPPH_0571	26	13	13
PSPPH_0574	189	98	91
PSPPH_0575	25	11	14
PSPPH_0576	70	39	31
PSPPH_0577	26	10	16
PSPPH_0578	72	30	42
PSPPH_0579	40	21	19
PSPPH_0580	52	27	25
PSPPH_0581	44	28	17
PSPPH_0582	10	5	6
PSPPH_0583	34	16	19
PSPPH_0584	17	9	8
PSPPH_0585	9	2	7
PSPPH_0586	11	5	6
PSPPH_0587	39	17	22
PSPPH_0588	9	4	5
PSPPH_0589	9	7	2
PSPPH_0590	23	15	8
PSPPH_0591	2	1	1
PSPPH_0592	11	4	7
PSPPH_0593	11	4	7
PSPPH_0594	7	3	4
PSPPH_0595	2	0	2
PSPPH_0596	1	1	0
PSPPH_0597	42	24	23
PSPPH_0598	15	10	10
PSPPH_0599	23	9	14
PSPPH_0600	10	3	7
PSPPH_0601	1	1	0
PSPPH_0602	13	7	6
PSPPH_0603	3	3	0
PSPPH_0604	23	11	13
PSPPH_0605	4	1	4
PSPPH_0606	1	1	0
PSPPH_0607	7	5	2
PSPPH_0608	4	2	2
PSPPH_0609	8	6	2
PSPPH_0610	9	6	3
PSPPH_0611	3	2	1
PSPPH_0612	9	3	6
PSPPH_0613	11	4	9
PSPPH_0614	3	1	2
PSPPH_0615	8	4	4
PSPPH_0616	4	4	0
PSPPH_0617	1	1	0
PSPPH_0619	887	448	439
PSPPH_0620	82	43	39
PSPPH_0621	13	6	7
PSPPH_0622	10	6	8
PSPPH_0623	15	9	11
PSPPH_0624	5	5	2
PSPPH_0625	4	0	4
PSPPH_0626	21	16	5
PSPPH_0627	43	25	19
PSPPH_0628	40	20	22
PSPPH_0629	408	195	213
PSPPH_0630	2	0	2
PSPPH_0631	9	8	1
PSPPH_0632	4	1	3
PSPPH_0633	5	3	2
PSPPH_0634	4	0	4
PSPPH_0635	43	21	22
PSPPH_0636	67	34	34
PSPPH_0637	24	11	13
PSPPH_0638	17	12	5
PSPPH_0639	16	4	14
PSPPH_0640	10	4	8
PSPPH_0641	18	7	11
PSPPH_0642	11	5	6
PSPPH_0643	20	9	11
PSPPH_0644	9	6	3
PSPPH_0645	0	0	0
PSPPH_0646	4	3	1
PSPPH_0647	8	1	7
PSPPH_0648	11	7	4
PSPPH_0649	23	15	8
PSPPH_0650	30	17	13
PSPPH_0651	2	2	0
PSPPH_0652	1	0	1
PSPPH_0653	6	3	3
PSPPH_0654	4	1	3
PSPPH_0655	24	14	10
PSPPH_0656	2	1	1
PSPPH_0657	0	0	0
PSPPH_0658	1	0	1
PSPPH_0659	0	0	0
PSPPH_0660	2	2	0
PSPPH_0662	10	5	5
PSPPH_0663	6	3	3
PSPPH_0664	0	0	0
PSPPH_0665	1	1	0
PSPPH_0666	5	2	3
PSPPH_0667	24	11	13
PSPPH_0668	4	3	1
PSPPH_0669	4	2	2
PSPPH_0670	4	2	3
PSPPH_0671	5	4	2
PSPPH_0672	12	4	8
PSPPH_0673	29	11	18
PSPPH_0674	45	18	27
PSPPH_0675	11	6	6
PSPPH_0676	5	6	0
PSPPH_0677	8	3	5
PSPPH_0678	9	3	6
PSPPH_0679	38	23	15
PSPPH_0680	13	9	4
PSPPH_0681	9	5	4
PSPPH_0682	2	2	0
PSPPH_0683	6	3	3
PSPPH_0684	19	10	9
PSPPH_0685	11	7	4
PSPPH_0686	55	30	25
PSPPH_0687	37	17	20
PSPPH_0688	32	13	19
PSPPH_0694	66	36	30
PSPPH_0695	62	31	32
PSPPH_0696	44	21	23
PSPPH_0697	8	7	1
PSPPH_0698	29	12	17
PSPPH_0699	0	1	0
PSPPH_0700	51	25	27
PSPPH_0701	47	23	25
PSPPH_0702	4	2	2
PSPPH_0703	19	6	13
PSPPH_0704	7	4	3
PSPPH_0705	10	8	2
PSPPH_0706	16	12	4
PSPPH_0708	15	10	6
PSPPH_0709	7	4	3
PSPPH_0710	4	4	0
PSPPH_0711	59	25	35
PSPPH_0712	22	8	14
PSPPH_0713	32	16	16
PSPPH_0714	23	8	15
PSPPH_0715	51	26	25
PSPPH_0716	45	28	17
PSPPH_0717	21	7	14
PSPPH_0718	14	12	2
PSPPH_0719	28	20	8
PSPPH_0720	40	23	17
PSPPH_0721	149	63	86
PSPPH_0722	7	4	3
PSPPH_0723	17	9	8
PSPPH_0724	37	24	16
PSPPH_0725	4	3	5
PSPPH_0726	25	12	13
PSPPH_0727	8	3	6
PSPPH_0728	21	17	5
PSPPH_0729	14	8	6
PSPPH_0730	86	45	42
PSPPH_0731	15	5	10
PSPPH_0732	35	18	17
PSPPH_0733	52	29	24
PSPPH_0734	27	9	18
PSPPH_0735	10	6	5
PSPPH_0736	19	12	9
PSPPH_0737	29	12	21
PSPPH_0738	6	6	0
PSPPH_0739	35	19	16
PSPPH_0740	15	12	3
PSPPH_0741	9	4	5
PSPPH_0742	781	376	405
PSPPH_0747	12	5	10
PSPPH_0748	1	1	0
PSPPH_0749	22	11	14
PSPPH_0750	10	8	2
PSPPH_0751	20	11	11
PSPPH_0752	13	7	6
PSPPH_0753	47	26	25
PSPPH_0755	24	12	12
PSPPH_0756	56	26	34
PSPPH_0757	21	13	8
PSPPH_0758	20	12	8
PSPPH_0759	11	4	7
PSPPH_0760	13	7	8
PSPPH_0761	8	3	5
PSPPH_0762	27	20	8
PSPPH_0763	54	26	29
PSPPH_5225	13	7	6
PSPPH_0764	25	8	18
PSPPH_0765	7	4	3
PSPPH_0767	39	24	21
PSPPH_0768	10	8	4
PSPPH_0769	5	2	3
PSPPH_0770	56	38	22
PSPPH_0771	6	4	5
PSPPH_0772	7	3	4
PSPPH_0774	13	9	5
PSPPH_0775	30	20	10
PSPPH_0776	0	0	0
PSPPH_0777	25	14	12
PSPPH_0778	34	21	15
PSPPH_0780	306	152	161
PSPPH_0781	228	129	102
PSPPH_0782	48	24	25
PSPPH_0783	5	0	5
PSPPH_0784	6	3	4
PSPPH_0786	0	0	0
PSPPH_0787	1	1	0
PSPPH_0788	14	8	7
PSPPH_0790	40	24	17
PSPPH_0791	8	6	3
PSPPH_0792	5	4	2
PSPPH_0793	6	2	5
PSPPH_0794	23	10	14
PSPPH_0795	15	5	10
PSPPH_0796	25	14	11
PSPPH_0797	1	1	1
PSPPH_0798	3	3	1
PSPPH_0799	4	1	3
PSPPH_0800	20	11	10
PSPPH_0801	13	9	5
PSPPH_0802	12	7	5
PSPPH_0803	8	4	5
PSPPH_0804	30	17	15
PSPPH_0805	35	19	16
PSPPH_0806	4	1	3
PSPPH_0807	13	8	5
PSPPH_0808	22	12	10
PSPPH_0809	37	22	15
PSPPH_0810	9	5	4
PSPPH_0811	20	12	8
PSPPH_0812	16	6	10
PSPPH_0813	29	9	21
PSPPH_0814	11	7	6
PSPPH_0815	287	145	155
PSPPH_0816	9	4	5
PSPPH_0817	9	5	4
PSPPH_0818	13	8	6
PSPPH_0819	24	10	14
PSPPH_0820	45	24	21
PSPPH_0821	22	9	13
PSPPH_0822	5	3	4
PSPPH_0823	33	19	16
PSPPH_0825	19	11	9
PSPPH_0826	21	9	13
PSPPH_0827	28	15	13
PSPPH_0828	22	12	10
PSPPH_0829	9	8	1
PSPPH_0830	37	17	20
PSPPH_0831	14	7	7
PSPPH_0832	20	7	14
PSPPH_0833	21	12	9
PSPPH_0834	48	22	26
PSPPH_0835	17	8	9
PSPPH_0836	61	23	38
PSPPH_0837	112	67	46
PSPPH_0838	171	96	75
PSPPH_0839	32	17	15
PSPPH_0840	23	17	6
PSPPH_0841	20	12	9
PSPPH_0842	170	99	72
PSPPH_0843	45	19	26
PSPPH_0844	52	29	28
PSPPH_0845	21	13	12
PSPPH_0846	56	28	29
PSPPH_0847	121	67	55
PSPPH_0848	40	25	17
PSPPH_0849	90	41	54
PSPPH_0850	53	28	29
PSPPH_0851	25	9	17
PSPPH_0852	159	76	83
PSPPH_0853	13	7	6
PSPPH_0854	9	4	5
PSPPH_0855	7	4	3
PSPPH_0856	31	16	15
PSPPH_0857	53	27	26
PSPPH_0858	46	22	26
PSPPH_0859	0	0	0
PSPPH_0860	14	10	7
PSPPH_0861	35	19	16
PSPPH_0862	10	7	3
PSPPH_0863	8	5	4
PSPPH_0864	3	1	3
PSPPH_0865	12	6	6
PSPPH_0866	22	11	12
PSPPH_0867	69	46	25
PSPPH_0868	62	24	39
PSPPH_0869	59	23	36
PSPPH_0870	22	22	8
PSPPH_0871	10	8	10
PSPPH_0872	47	22	25
PSPPH_0873	7	3	4
PSPPH_0874	52	28	24
PSPPH_0875	12	6	6
PSPPH_0876	21	10	11
PSPPH_0877	10	4	6
PSPPH_0883	7	4	3
PSPPH_0884	39	21	18
PSPPH_0885	4	0	4
PSPPH_0886	13	7	7
PSPPH_0887	13	9	5
PSPPH_0888	2	5	2
PSPPH_0889	8	6	7
PSPPH_0890	18	11	10
PSPPH_0891	12	9	7
PSPPH_0892	13	4	9
PSPPH_0893	0	0	0
PSPPH_0895	0	0	0
PSPPH_0896	2	1	1
PSPPH_0897	2	1	1
PSPPH_0898	1	0	1
PSPPH_0899	4	3	1
PSPPH_0900	11	10	1
PSPPH_0901	35	22	13
PSPPH_0902	13	7	6
PSPPH_0903	6	5	2
PSPPH_0904	1	0	2
PSPPH_0905	3	3	0
PSPPH_0906	33	14	19
PSPPH_0907	5	3	2
PSPPH_0908	8	1	8
PSPPH_0909	9	1	9
PSPPH_0910	12	5	7
PSPPH_0911	6	2	4
PSPPH_0912	1	1	0
PSPPH_0913	6	3	3
PSPPH_0914	4	3	1
PSPPH_0915	6	4	2
PSPPH_0916	10	4	7
PSPPH_0917	0	0	0
PSPPH_0918	2	0	2
PSPPH_0919	3	0	3
PSPPH_0920	14	6	8
PSPPH_0921	16	8	8
PSPPH_0922	30	16	14
PSPPH_0923	19	4	15
PSPPH_0924	1	1	0
PSPPH_0925	13	4	9
PSPPH_0926	3	2	1
PSPPH_0927	0	0	0
PSPPH_0929	0	0	0
PSPPH_0930	0	0	0
PSPPH_0931	2	1	1
PSPPH_0932	2	0	2
PSPPH_0933	12	9	3
PSPPH_0934	0	0	0
PSPPH_0935	31	20	11
PSPPH_0936	17	7	10
PSPPH_0937	12	9	3
PSPPH_0938	6	2	4
PSPPH_0939	10	5	5
PSPPH_0940	6	4	2
PSPPH_0942	143	90	53
PSPPH_0943	16	9	7
PSPPH_0944	20	14	6
PSPPH_0945	3	5	1
PSPPH_0946	15	10	8
PSPPH_0947	24	17	7
PSPPH_0949	4	0	4
PSPPH_0950	17	9	8
PSPPH_0951	8	3	5
PSPPH_0952	24	10	14
PSPPH_0953	19	10	9
PSPPH_0954	6	2	4
PSPPH_0955	11	6	5
PSPPH_0956	13	5	8
PSPPH_0957	21	11	10
PSPPH_0958	21	14	7
PSPPH_0959	6	3	4
PSPPH_0960	1	0	1
PSPPH_0961	10	6	4
PSPPH_0962	5	2	3
PSPPH_0963	9	4	5
PSPPH_0964	7	2	5
PSPPH_0965	1	1	0
PSPPH_0966	0	0	0
PSPPH_0967	10	7	3
PSPPH_0968	7	5	2
PSPPH_0969	14	7	7
PSPPH_0970	2	1	2
PSPPH_0971	0	0	0
PSPPH_0972	4	3	1
PSPPH_0973	1	0	1
PSPPH_0974	0	0	0
PSPPH_0975	17	8	9
PSPPH_0976	1	1	0
PSPPH_0977	5	2	4
PSPPH_0978	12	10	3
PSPPH_0979	20	12	8
PSPPH_0980	10	5	5
PSPPH_0981	15	8	7
PSPPH_0982	11	7	5
PSPPH_0983	10	4	7
PSPPH_0984	61	27	34
PSPPH_0985	13	7	6
PSPPH_0986	0	0	0
PSPPH_0987	3	0	3
PSPPH_0988	22	10	12
PSPPH_0989	10	6	4
PSPPH_0990	119	60	59
PSPPH_0991	27	17	10
PSPPH_0993	48	30	18
PSPPH_0994	1	1	0
PSPPH_0995	15	8	7
PSPPH_0996	13	9	5
PSPPH_0997	15	7	8
PSPPH_0998	25	9	16
PSPPH_0999	8	2	6
PSPPH_1000	2	2	0
PSPPH_1001	25	14	12
PSPPH_1002	7	1	6
PSPPH_1003	2	1	1
PSPPH_1004	4	1	3
PSPPH_1005	8	1	7
PSPPH_1006	8	6	2
PSPPH_1007	15	7	8
PSPPH_1008	6	2	4
PSPPH_1009	2	2	0
PSPPH_1010	23	11	12
PSPPH_1011	15	11	4
PSPPH_1012	45	21	26
PSPPH_1013	3	2	1
PSPPH_1014	162	90	72
PSPPH_1015	42	22	21
PSPPH_1016	23	17	6
PSPPH_1017	18	6	12
PSPPH_1018	3	1	2
PSPPH_1019	2	0	2
PSPPH_1020	0	0	0
PSPPH_1021	7	7	0
PSPPH_1022	7	4	3
PSPPH_1023	6	3	3
PSPPH_1024	23	14	9
PSPPH_1025	207	89	118
PSPPH_1026	1	0	2
PSPPH_1027	34	19	16
PSPPH_1028	21	11	10
PSPPH_1029	12	8	4
PSPPH_1030	6	3	3
PSPPH_1031	13	4	10
PSPPH_1032	3	3	1
PSPPH_1033	2	1	1
PSPPH_1034	8	4	4
PSPPH_1035	37	20	25
PSPPH_1036	37	21	24
PSPPH_1037	2	0	2
PSPPH_1038	8	3	5
PSPPH_1039	36	17	19
PSPPH_1040	27	11	16
PSPPH_1041	13	7	6
PSPPH_1043	3	1	2
PSPPH_1044	2	1	1
PSPPH_1045	4	3	1
PSPPH_1046	1	1	0
PSPPH_1047	1	0	1
PSPPH_1048	5	4	1
PSPPH_1049	7	0	7
PSPPH_1050	9	4	5
PSPPH_1051	4	2	2
PSPPH_1052	0	0	0
PSPPH_1053	1	1	0
PSPPH_1054	58	34	24
PSPPH_1055	6	2	4
PSPPH_1056	17	9	8
PSPPH_1057	3	7	1
PSPPH_1058	13	8	10
PSPPH_1059	8	4	4
PSPPH_1060	5	2	7
PSPPH_1061	3	4	4
PSPPH_1062	1	1	0
PSPPH_1063	3	2	1
PSPPH_1064	0	0	0
PSPPH_1065	0	0	0
PSPPH_1066	7	5	2
PSPPH_1067	69	38	33
PSPPH_1068	8	5	4
PSPPH_1069	3	0	3
PSPPH_1070	1	0	1
PSPPH_1071	11	7	4
PSPPH_1072	34	16	19
PSPPH_1073	3	0	3
PSPPH_1074	3	2	1
PSPPH_1075	6	5	1
PSPPH_1076	1	0	1
PSPPH_1077	4	2	2
PSPPH_1078	16	7	9
PSPPH_1079	10	5	5
PSPPH_1080	6	5	1
PSPPH_1081	3	1	2
PSPPH_1082	12	6	6
PSPPH_1083	3	1	2
PSPPH_1084	3	0	3
PSPPH_1085	5	1	4
PSPPH_1086	27	17	11
PSPPH_1088	8	3	7
PSPPH_1089	11	6	7
PSPPH_1090	482	243	239
PSPPH_1091	15	9	6
PSPPH_1092	10	7	3
PSPPH_1093	3	2	1
PSPPH_1094	1	0	1
PSPPH_1096	1	2	1
PSPPH_1097	11	6	7
PSPPH_1098	2	1	2
PSPPH_1099	44	18	27
PSPPH_1100	7	3	4
PSPPH_1101	18	10	8
PSPPH_1102	11	4	7
PSPPH_1103	0	0	0
PSPPH_1104	4	3	1
PSPPH_1105	6	4	2
PSPPH_1106	2	2	0
PSPPH_1107	37	23	14
PSPPH_1108	9	6	3
PSPPH_1109	5	2	3
PSPPH_1110	10	6	4
PSPPH_1111	9	6	3
PSPPH_1112	5	1	5
PSPPH_1113	7	3	4
PSPPH_1114	8	5	3
PSPPH_1115	1	0	1
PSPPH_1116	8	4	4
PSPPH_1117	12	5	7
PSPPH_1118	70	33	37
PSPPH_1119	3	0	3
PSPPH_1120	12	3	9
PSPPH_1121	127	69	59
PSPPH_1122	12	6	6
PSPPH_1123	0	0	0
PSPPH_1124	2	2	0
PSPPH_1125	2	0	2
PSPPH_1126	1	0	1
PSPPH_1127	6	5	1
PSPPH_1128	7	3	4
PSPPH_1129	8	4	4
PSPPH_1130	21	11	10
PSPPH_1131	8	4	4
PSPPH_1132	5	4	1
PSPPH_1133	11	2	9
PSPPH_1134	4	3	1
PSPPH_1135	5	2	3
PSPPH_1136	3	2	1
PSPPH_1137	1	1	0
PSPPH_1138	1	0	1
PSPPH_1139	6	5	1
PSPPH_1140	0	0	0
PSPPH_1141	0	0	0
PSPPH_1142	0	0	1
PSPPH_1143	7	4	3
PSPPH_1144	1	0	1
PSPPH_1145	11	7	5
PSPPH_1146	4	3	2
PSPPH_1148	27	15	12
PSPPH_1149	36	20	16
PSPPH_1150	2	0	2
PSPPH_1151	10	7	3
PSPPH_1152	4	3	1
PSPPH_1153	90	41	49
PSPPH_1154	3	3	2
PSPPH_1155	6	5	3
PSPPH_1156	4	2	2
PSPPH_1157	66	36	30
PSPPH_1158	15	6	9
PSPPH_1159	18	9	9
PSPPH_1160	102	48	54
PSPPH_1161	31	15	16
PSPPH_1162	108	58	50
PSPPH_1163	3	0	3
PSPPH_1164	0	0	0
PSPPH_1165	1	1	0
PSPPH_1166	16	6	10
PSPPH_1167	3	3	0
PSPPH_1168	14	5	9
PSPPH_1169	4	1	3
PSPPH_1170	19	7	12
PSPPH_1171	2	0	2
PSPPH_1172	2	1	1
PSPPH_1173	24	12	15
PSPPH_1174	10	6	4
PSPPH_1175	5	1	5
PSPPH_1176	360	168	192
PSPPH_1177	84	42	42
PSPPH_1178	32	14	18
PSPPH_1179	16	8	9
PSPPH_1180	14	10	4
PSPPH_1181	49	29	20
PSPPH_1182	23	12	11
PSPPH_1183	11	3	8
PSPPH_1184	49	27	22
PSPPH_1185	241	112	129
PSPPH_1186	5	1	4
PSPPH_1187	12	5	7
PSPPH_1188	107	46	61
PSPPH_1189	49	30	19
PSPPH_1190	51	23	28
PSPPH_1191	1	1	0
PSPPH_1192	125	59	66
PSPPH_1193	20	16	5
PSPPH_1194	7	6	1
PSPPH_1195	3	0	3
PSPPH_1196	9	4	6
PSPPH_1197	3	2	1
PSPPH_1198	2	2	0
PSPPH_1199	1	1	0
PSPPH_1200	2	2	0
PSPPH_1201	11	7	4
PSPPH_1203	1	0	1
PSPPH_1204	0	1	0
PSPPH_1205	8	3	6
PSPPH_1206	12	4	8
PSPPH_1207	10	3	7
PSPPH_1208	6	6	1
PSPPH_1209	20	7	14
PSPPH_1210	102	53	49
PSPPH_1211	368	184	184
PSPPH_1212	89	48	41
PSPPH_1213	21	10	11
PSPPH_1214	98	53	45
PSPPH_1215	7	2	5
PSPPH_1216	11	9	2
PSPPH_1217	0	0	0
PSPPH_1218	81	51	35
PSPPH_1219	10	6	9
PSPPH_1220	14	5	9
PSPPH_1221	11	8	3
PSPPH_1222	13	6	7
PSPPH_1223	34	12	22
PSPPH_1224	18	13	5
PSPPH_1225	17	6	11
PSPPH_1226	50	25	25
PSPPH_1227	15	11	4
PSPPH_1229	5	1	4
PSPPH_1230	23	14	10
PSPPH_1231	1	0	2
PSPPH_1232	6	4	2
PSPPH_1233	1	1	0
PSPPH_1234	0	0	0
PSPPH_1235	3	2	1
PSPPH_1237	4	1	3
PSPPH_1239	2	2	0
PSPPH_1240	3	2	1
PSPPH_1242	4	2	2
PSPPH_1243	0	0	0
PSPPH_1244	7	3	4
PSPPH_1245	13	6	8
PSPPH_1246	10	5	6
PSPPH_1247	21	9	12
PSPPH_1248	7	6	1
PSPPH_1249	6	3	3
PSPPH_1250	4	2	2
PSPPH_1251	20	11	9
PSPPH_1252	1	0	1
PSPPH_1253	2	0	2
PSPPH_1254	2	2	0
PSPPH_1255	7	4	3
PSPPH_1256	4	3	2
PSPPH_1257	9	7	2
PSPPH_1258	14	11	3
PSPPH_1259	8	6	2
PSPPH_1260	2	1	1
PSPPH_1261	62	27	35
PSPPH_1264	30	10	20
PSPPH_1265	10	6	4
PSPPH_1267	5	3	2
PSPPH_1268	17	12	8
PSPPH_1269	19	8	11
PSPPH_1270	18	8	10
PSPPH_1271	12	6	6
PSPPH_1272	229	102	127
PSPPH_1273	157	81	76
PSPPH_1274	16	9	7
PSPPH_1275	20	9	11
PSPPH_1276	9	3	6
PSPPH_1277	1	1	0
PSPPH_1278	9	5	4
PSPPH_1279	4	3	1
PSPPH_1280	33	18	15
PSPPH_5227	1	1	0
PSPPH_1281	10	4	6
PSPPH_1282	8	4	4
PSPPH_1283	4	2	2
PSPPH_1284	0	0	0
PSPPH_1285	2	1	1
PSPPH_1286	1	1	0
PSPPH_1287	2	2	0
PSPPH_1288	6	3	4
PSPPH_1289	3	1	2
PSPPH_1290	13	5	8
PSPPH_1291	17	8	9
PSPPH_1292	21	8	13
PSPPH_1293	8	7	1
PSPPH_1294	1	0	1
PSPPH_1295	34	17	17
PSPPH_1296	26	12	14
PSPPH_1297	12	7	5
PSPPH_1299	8	5	3
PSPPH_1300	16	3	13
PSPPH_1301	16	6	10
PSPPH_1302	38	13	25
PSPPH_1303	18	9	9
PSPPH_1304	99	43	56
PSPPH_1305	18	8	10
PSPPH_1306	8	5	3
PSPPH_1307	7	5	2
PSPPH_1308	7	4	3
PSPPH_1309	59	20	39
PSPPH_1310	43	22	21
PSPPH_1311	14	4	10
PSPPH_1312	28	14	14
PSPPH_1313	34	20	14
PSPPH_1314	2	1	1
PSPPH_1315	1	0	1
PSPPH_1316	19	10	9
PSPPH_1317	23	8	15
PSPPH_1318	22	10	12
PSPPH_1319	48	34	14
PSPPH_1320	31	17	14
PSPPH_1321	52	27	25
PSPPH_1322	42	20	22
PSPPH_1323	60	29	32
PSPPH_1324	32	15	17
PSPPH_1325	10	5	5
PSPPH_1326	14	8	6
PSPPH_1327	8	7	1
PSPPH_1328	6	4	2
PSPPH_1329	101	41	61
PSPPH_1330	10	1	9
PSPPH_1331	18	8	10
PSPPH_1332	4	2	2
PSPPH_1333	26	12	14
PSPPH_1334	24	8	16
PSPPH_1335	12	6	7
PSPPH_1336	0	0	0
PSPPH_1337	7	3	4
PSPPH_1338	5	3	2
PSPPH_1339	3	2	1
PSPPH_1340	20	10	12
PSPPH_1341	98	46	54
PSPPH_1342	3	2	1
PSPPH_1343	5	5	1
PSPPH_1344	12	8	4
PSPPH_1345	21	13	8
PSPPH_1346	17	11	7
PSPPH_1347	2	2	0
PSPPH_1348	3	1	2
PSPPH_1349	26	16	11
PSPPH_1350	8	5	4
PSPPH_1351	6	3	3
PSPPH_1352	3	1	2
PSPPH_1353	35	15	21
PSPPH_1354	9	6	3
PSPPH_1355	12	6	6
PSPPH_1356	34	19	15
PSPPH_1357	43	31	14
PSPPH_1358	7	1	6
PSPPH_1359	17	8	9
PSPPH_1360	37	18	19
PSPPH_1361	52	25	27
PSPPH_1363	12	5	7
PSPPH_1364	2	0	2
PSPPH_1365	0	0	0
PSPPH_1366	10	5	5
PSPPH_1367	4	4	0
PSPPH_1368	4	1	3
PSPPH_1369	17	6	11
PSPPH_1370	16	9	8
PSPPH_1371	5	2	4
PSPPH_1372	1	0	1
PSPPH_1373	1	1	0
PSPPH_1374	4	1	3
PSPPH_1375	6	2	4
PSPPH_1376	4	1	3
PSPPH_1377	1	0	1
PSPPH_1378	25	10	15
PSPPH_1379	15	7	8
PSPPH_1380	31	13	18
PSPPH_1381	3	2	1
PSPPH_1382	7	4	4
PSPPH_1383	7	1	6
PSPPH_1384	5	4	1
PSPPH_1385	10	5	5
PSPPH_1386	1	0	1
PSPPH_1387	6	5	1
PSPPH_1388	15	5	10
PSPPH_1389	6	4	2
PSPPH_1390	8	2	6
PSPPH_1391	26	12	14
PSPPH_1392	0	2	0
PSPPH_1393	9	5	6
PSPPH_1394	4	3	1
PSPPH_1395	1	1	0
PSPPH_1396	1	1	3
PSPPH_1397	10	8	3
PSPPH_1399	6	1	5
PSPPH_1400	4	0	4
PSPPH_1401	1	1	0
PSPPH_1402	10	7	4
PSPPH_1403	4	2	3
PSPPH_1404	14	6	8
PSPPH_1405	9	3	7
PSPPH_1406	9	6	4
PSPPH_1407	13	4	9
PSPPH_1408	32	18	14
PSPPH_1409	7	4	3
PSPPH_1410	34	17	17
PSPPH_1411	16	5	11
PSPPH_1412	3	2	1
PSPPH_1413	9	8	2
PSPPH_1414	13	8	5
PSPPH_1415	15	8	7
PSPPH_1416	3	1	2
PSPPH_1417	109	44	65
PSPPH_1418	4	1	3
PSPPH_1419	26	11	15
PSPPH_1420	12	6	6
PSPPH_1421	51	25	26
PSPPH_1422	14	4	10
PSPPH_1423	2	1	1
PSPPH_1424	40	29	12
PSPPH_1425	17	12	5
PSPPH_1426	26	14	12
PSPPH_1427	24	11	13
PSPPH_1428	44	19	25
PSPPH_1429	26	15	11
PSPPH_1430	32	19	13
PSPPH_1431	26	10	16
PSPPH_1432	16	5	11
PSPPH_1433	9	4	5
PSPPH_1434	4	1	3
PSPPH_1435	12	5	8
PSPPH_1436	10	5	6
PSPPH_1437	1	2	1
PSPPH_1438	28	13	17
PSPPH_1439	6	4	3
PSPPH_1440	7	4	4
PSPPH_1441	0	0	0
PSPPH_1442	12	6	6
PSPPH_1443	12	5	7
PSPPH_1444	8	6	2
PSPPH_1445	1	1	0
PSPPH_1446	2	1	1
PSPPH_1448	1	0	1
PSPPH_1449	11	5	7
PSPPH_1450	1	0	1
PSPPH_1451	2	1	1
PSPPH_1452	3	1	2
PSPPH_1453	1	1	0
PSPPH_1454	0	0	0
PSPPH_1455	2	2	2
PSPPH_1456	4	5	1
PSPPH_1457	1	1	0
PSPPH_1458	1	1	0
PSPPH_1459	8	6	3
PSPPH_1460	11	5	6
PSPPH_1461	6	4	2
PSPPH_1462	35	18	17
PSPPH_1463	14	10	4
PSPPH_1464	15	7	8
PSPPH_1465	6	5	1
PSPPH_1466	5	2	3
PSPPH_1467	2	0	2
PSPPH_1468	10	7	3
PSPPH_1469	5	5	3
PSPPH_1470	8	7	4
PSPPH_1471	40	23	17
PSPPH_1472	19	12	7
PSPPH_1473	8	4	8
PSPPH_1474	1	2	4
PSPPH_1475	21	13	9
PSPPH_1476	15	7	8
PSPPH_1477	12	6	6
PSPPH_1478	12	7	5
PSPPH_1479	12	9	3
PSPPH_1480	63	29	34
PSPPH_1481	7	6	1
PSPPH_1482	37	21	16
PSPPH_1483	13	9	4
PSPPH_1484	101	45	56
PSPPH_1485	2	1	1
PSPPH_1487	3	2	1
PSPPH_1488	8	1	7
PSPPH_1489	4	1	3
PSPPH_1490	0	0	0
PSPPH_1491	0	0	0
PSPPH_1492	2	2	0
PSPPH_1493	3	3	1
PSPPH_1494	5	2	3
PSPPH_1495	28	11	17
PSPPH_1496	13	7	6
PSPPH_1497	66	36	31
PSPPH_1498	16	8	8
PSPPH_1499	69	30	40
PSPPH_1500	8	5	4
PSPPH_1501	1	0	1
PSPPH_1502	8	4	4
PSPPH_1503	5	2	3
PSPPH_1504	3	1	2
PSPPH_1505	1	0	1
PSPPH_1506	2	2	0
PSPPH_1507	4	2	2
PSPPH_1508	8	3	5
PSPPH_1509	17	9	8
PSPPH_1510	8	5	5
PSPPH_1511	7	7	2
PSPPH_1512	15	6	9
PSPPH_1513	12	3	9
PSPPH_1514	11	5	6
PSPPH_1515	57	26	32
PSPPH_1516	2	1	2
PSPPH_1517	19	8	11
PSPPH_1518	22	4	19
PSPPH_1519	4	2	2
PSPPH_1520	66	30	36
PSPPH_1521	4	1	3
PSPPH_1522	6	2	4
PSPPH_1523	10	4	6
PSPPH_1524	1	0	1
PSPPH_1525	17	7	10
PSPPH_1527	3	2	1
PSPPH_1528	0	0	0
PSPPH_1529	0	0	0
PSPPH_1530	2	2	0
PSPPH_1531	30	16	14
PSPPH_1532	25	14	12
PSPPH_1533	2	2	1
PSPPH_1534	4	1	4
PSPPH_1535	28	19	10
PSPPH_1536	9	6	3
PSPPH_1537	10	3	7
PSPPH_1538	28	21	7
PSPPH_1539	12	6	6
PSPPH_1540	28	13	15
PSPPH_1542	3	1	2
PSPPH_1543	1	0	1
PSPPH_1544	35	20	15
PSPPH_1545	84	40	44
PSPPH_1546	16	7	9
PSPPH_1547	16	7	9
PSPPH_1548	2	1	1
PSPPH_1549	8	2	6
PSPPH_1550	19	10	9
PSPPH_1551	1	2	0
PSPPH_1552	1	1	0
PSPPH_1553	1	0	1
PSPPH_1554	7	2	5
PSPPH_1556	7	1	6
PSPPH_1557	7	2	5
PSPPH_1558	32	18	14
PSPPH_1559	8	3	5
PSPPH_1560	5	1	4
PSPPH_1561	21	8	16
PSPPH_1562	6	5	4
PSPPH_1564	9	3	6
PSPPH_1565	8	1	7
PSPPH_1566	26	12	14
PSPPH_1567	20	12	9
PSPPH_1568	26	15	12
PSPPH_1569	14	9	6
PSPPH_1570	6	4	3
PSPPH_1571	18	10	8
PSPPH_1574	5	1	4
PSPPH_1575	27	16	11
PSPPH_1576	3	3	2
PSPPH_1577	10	6	6
PSPPH_1578	7	5	2
PSPPH_1579	15	9	7
PSPPH_1580	6	8	0
PSPPH_1581	3	3	2
PSPPH_1582	66	30	36
PSPPH_1583	15	10	5
PSPPH_1584	8	2	6
PSPPH_1585	5	2	3
PSPPH_1586	11	7	4
PSPPH_1587	149	80	69
PSPPH_1588	46	25	23
PSPPH_1589	21	13	10
PSPPH_1590	8	3	5
PSPPH_1591	3	2	1
PSPPH_1592	1	1	0
PSPPH_1593	3	1	2
PSPPH_1594	13	10	3
PSPPH_1595	3	1	2
PSPPH_1597	4	1	3
PSPPH_1599	22	10	12
PSPPH_1600	1	0	1
PSPPH_1601	25	12	13
PSPPH_1602	3	1	2
PSPPH_1603	5	1	4
PSPPH_1604	0	0	0
PSPPH_1605	27	16	11
PSPPH_1606	10	8	2
PSPPH_1607	7	3	4
PSPPH_1608	17	12	6
PSPPH_1609	0	0	1
PSPPH_1610	0	0	0
PSPPH_1611	8	5	3
PSPPH_1612	1	0	1
PSPPH_1613	1	0	1
PSPPH_1614	6	6	0
PSPPH_1615	2	2	1
PSPPH_1617	9	7	2
PSPPH_1619	8	5	3
PSPPH_1620	2	1	1
PSPPH_1621	128	64	64
PSPPH_1622	10	5	5
PSPPH_1623	6	2	4
PSPPH_1624	4	4	0
PSPPH_1626	18	12	6
PSPPH_1627	2	2	0
PSPPH_1628	13	5	8
PSPPH_1629	1	0	1
PSPPH_1630	12	9	3
PSPPH_1631	8	2	6
PSPPH_1632	78	47	32
PSPPH_1633	11	6	5
PSPPH_1634	13	8	5
PSPPH_1635	24	11	14
PSPPH_1636	2	3	0
PSPPH_1637	23	10	13
PSPPH_1638	2	0	2
PSPPH_1639	18	11	7
PSPPH_1640	37	22	15
PSPPH_1641	60	25	35
PSPPH_1642	118	45	73
PSPPH_1643	53	25	28
PSPPH_1644	7	3	4
PSPPH_1645	19	9	10
PSPPH_1646	10	2	8
PSPPH_1647	14	7	7
PSPPH_1648	5	5	0
PSPPH_1649	31	12	19
PSPPH_1650	6	2	4
PSPPH_1651	9	5	4
PSPPH_1652	1	0	1
PSPPH_1653	2	2	0
PSPPH_1654	14	8	6
PSPPH_1655	148	75	73
PSPPH_1656	8	3	5
PSPPH_1657	8	3	5
PSPPH_1658	21	9	12
PSPPH_1659	27	14	13
PSPPH_1660	9	6	3
PSPPH_1661	2	0	2
PSPPH_1662	46	20	26
PSPPH_1663	46	22	24
PSPPH_1664	16	7	9
PSPPH_1668	7	6	1
PSPPH_1669	20	9	11
PSPPH_1670	12	9	3
PSPPH_1671	9	1	8
PSPPH_1672	25	12	13
PSPPH_1673	9	4	5
PSPPH_1674	24	13	11
PSPPH_1675	2	1	1
PSPPH_1676	8	4	4
PSPPH_1677	43	19	24
PSPPH_1678	36	18	18
PSPPH_1679	48	28	20
PSPPH_1680	7	5	2
PSPPH_1681	6	4	2
PSPPH_1682	5	5	0
PSPPH_1683	2	2	0
PSPPH_1684	11	4	7
PSPPH_1685	1	1	0
PSPPH_1686	60	31	29
PSPPH_1687	12	7	5
PSPPH_1691	3	0	3
PSPPH_1692	1	0	1
PSPPH_1693	7	5	3
PSPPH_1694	5	1	5
PSPPH_1695	10	7	3
PSPPH_1696	6	2	4
PSPPH_1697	90	50	40
PSPPH_1698	53	25	28
PSPPH_1699	428	234	195
PSPPH_1700	1	0	1
PSPPH_1701	36	22	14
PSPPH_1702	48	29	19
PSPPH_1703	47	19	28
PSPPH_1704	35	17	18
PSPPH_1705	5	3	2
PSPPH_1706	16	8	8
PSPPH_1707	16	10	6
PSPPH_1708	17	8	9
PSPPH_1709	17	5	12
PSPPH_1710	11	5	9
PSPPH_1711	20	11	12
PSPPH_1712	4	3	3
PSPPH_1713	2	1	3
PSPPH_1714	7	2	5
PSPPH_1715	20	8	12
PSPPH_1716	8	8	2
PSPPH_1717	2	1	3
PSPPH_1718	26	12	14
PSPPH_1719	31	16	16
PSPPH_1720	44	23	21
PSPPH_1721	43	24	20
PSPPH_1722	16	6	10
PSPPH_1723	12	7	5
PSPPH_1724	4	2	2
PSPPH_1725	5	0	5
PSPPH_1726	3	2	1
PSPPH_1727	0	0	0
PSPPH_1728	4	2	2
PSPPH_1729	29	15	14
PSPPH_1730	1	0	1
PSPPH_1732	0	0	0
PSPPH_1734	23	11	12
PSPPH_1735	1	1	0
PSPPH_1736	12	7	5
PSPPH_1737	10	6	5
PSPPH_1738	2	2	1
PSPPH_1739	1	0	1
PSPPH_1740	19	13	6
PSPPH_1741	0	0	0
PSPPH_1742	13	10	3
PSPPH_1743	13	8	5
PSPPH_1744	3	1	2
PSPPH_1745	6	2	5
PSPPH_1746	22	16	6
PSPPH_1747	8	4	4
PSPPH_1748	1	0	1
PSPPH_1749	98	53	45
PSPPH_1750	65	36	29
PSPPH_1751	125	73	52
PSPPH_1752	7	3	5
PSPPH_1753	12	4	8
PSPPH_1754	4	1	3
PSPPH_1755	0	0	0
PSPPH_1756	9	5	5
PSPPH_1757	1	1	1
PSPPH_1758	7	2	5
PSPPH_1759	2	1	1
PSPPH_1760	0	0	0
PSPPH_1761	16	7	9
PSPPH_1762	3	3	0
PSPPH_1763	16	10	6
PSPPH_1765	5	3	2
PSPPH_1766	3	2	1
PSPPH_1767	11	7	5
PSPPH_1768	3	2	1
PSPPH_1769	8	6	3
PSPPH_1770	0	0	0
PSPPH_1771	8	3	5
PSPPH_1772	20	14	6
PSPPH_1773	13	10	3
PSPPH_1774	72	41	31
PSPPH_1775	29	10	19
PSPPH_1776	4	3	1
PSPPH_1777	33	18	15
PSPPH_1778	47	23	24
PSPPH_1779	12	6	6
PSPPH_1780	19	14	5
PSPPH_1781	4	4	0
PSPPH_1782	6	2	6
PSPPH_1783	6	3	5
PSPPH_1784	10	4	6
PSPPH_1785	62	30	32
PSPPH_1786	51	29	22
PSPPH_1787	1	1	0
PSPPH_1788	10	3	7
PSPPH_1789	61	27	34
PSPPH_1790	9	3	6
PSPPH_1791	2	1	1
PSPPH_1792	24	13	11
PSPPH_1793	13	4	14
PSPPH_1794	1	5	1
PSPPH_1795	15	8	7
PSPPH_1796	10	5	6
PSPPH_1797	24	14	11
PSPPH_1798	7	2	6
PSPPH_1799	4	3	2
PSPPH_1800	4	1	3
PSPPH_1802	39	16	23
PSPPH_1803	12	12	4
PSPPH_1804	4	1	7
PSPPH_1805	6	5	1
PSPPH_1806	12	7	5
PSPPH_1807	7	2	5
PSPPH_1808	27	14	13
PSPPH_1809	19	9	10
PSPPH_1810	6	4	2
PSPPH_1811	7	3	4
PSPPH_1812	9	4	5
PSPPH_1813	4	1	3
PSPPH_1814	7	2	5
PSPPH_1815	11	8	4
PSPPH_1816	8	3	5
PSPPH_1817	0	0	0
PSPPH_1818	2	2	1
PSPPH_1819	72	38	34
PSPPH_1820	11	7	5
PSPPH_1821	2	0	2
PSPPH_1822	6	3	4
PSPPH_1823	16	4	13
PSPPH_1824	11	0	11
PSPPH_1825	24	15	9
PSPPH_1826	9	7	2
PSPPH_1827	166	87	80
PSPPH_1828	16	7	10
PSPPH_1829	6	6	0
PSPPH_1830	29	16	14
PSPPH_1831	11	7	5
PSPPH_1833	8	1	7
PSPPH_1834	11	4	7
PSPPH_1835	1	1	0
PSPPH_1836	5	4	1
PSPPH_1837	10	4	6
PSPPH_1838	2	2	1
PSPPH_1839	1	0	2
PSPPH_1840	4	2	2
PSPPH_1841	2	3	0
PSPPH_1842	8	5	3
PSPPH_1843	19	13	6
PSPPH_1844	0	0	0
PSPPH_1845	1	1	0
PSPPH_1847	4	3	3
PSPPH_1848	5	3	5
PSPPH_1849	12	5	8
PSPPH_1850	4	3	1
PSPPH_1851	48	23	26
PSPPH_1852	27	14	13
PSPPH_1853	7	2	6
PSPPH_1854	27	6	22
PSPPH_1855	18	9	9
PSPPH_1856	112	61	60
PSPPH_1857	12	9	12
PSPPH_1858	15	5	10
PSPPH_1859	9	4	6
PSPPH_1860	3	0	3
PSPPH_1861	8	2	6
PSPPH_1862	6	3	3
PSPPH_1863	9	4	5
PSPPH_1864	6	2	4
PSPPH_1865	10	7	3
PSPPH_1866	7	2	6
PSPPH_1867	35	18	19
PSPPH_1868	59	37	22
PSPPH_1869	62	36	26
PSPPH_1870	8	4	4
PSPPH_1871	6	1	5
PSPPH_1872	3	1	2
PSPPH_1873	1	1	0
PSPPH_1874	11	3	8
PSPPH_1875	0	0	0
PSPPH_1876	13	5	8
PSPPH_1878	0	0	0
PSPPH_1880	4	1	3
PSPPH_1881	1	1	0
PSPPH_1882	3	3	0
PSPPH_1883	3	4	0
PSPPH_1885	14	6	8
PSPPH_1886	18	11	7
PSPPH_1887	0	0	0
PSPPH_1888	2	1	1
PSPPH_1889	0	0	0
PSPPH_1890	5	2	3
PSPPH_1891	0	0	0
PSPPH_1892	1	0	1
PSPPH_1893	0	0	0
PSPPH_1894	5	3	2
PSPPH_1895	0	0	0
PSPPH_1896	36	16	20
PSPPH_1897	54	26	30
PSPPH_1898	22	13	10
PSPPH_1899	8	5	3
PSPPH_1900	0	1	0
PSPPH_1901	3	3	0
PSPPH_1902	2	0	3
PSPPH_1903	63	39	42
PSPPH_1904	27	28	17
PSPPH_1905	12	3	9
PSPPH_1906	7	5	2
PSPPH_1907	0	0	0
PSPPH_1908	2	2	0
PSPPH_1909	4	1	3
PSPPH_1910	1	0	1
PSPPH_1911	28	12	16
PSPPH_1912	11	9	2
PSPPH_1913	3	1	2
PSPPH_1914	1	1	0
PSPPH_1915	1	0	1
PSPPH_1916	0	0	0
PSPPH_1917	2	0	2
PSPPH_1918	0	0	0
PSPPH_1919	4	1	3
PSPPH_1920	1	0	1
PSPPH_1921	6	6	0
PSPPH_1922	2	0	2
PSPPH_1923	4	3	1
PSPPH_1924	18	9	10
PSPPH_1925	17	7	10
PSPPH_1926	21	7	14
PSPPH_1927	5	5	0
PSPPH_1928	4	2	2
PSPPH_1929	2	2	0
PSPPH_1930	1	1	0
PSPPH_1931	4	2	2
PSPPH_1932	4	2	2
PSPPH_1933	2	1	1
PSPPH_1934	3	1	2
PSPPH_1935	1	1	1
PSPPH_1936	2	1	1
PSPPH_1937	3	1	2
PSPPH_1938	1	0	1
PSPPH_1939	50	27	23
PSPPH_1940	5	13	2
PSPPH_1941	85	40	55
PSPPH_1942	36	22	14
PSPPH_1947	5	2	3
PSPPH_1948	8	5	3
PSPPH_1949	708	370	338
PSPPH_1950	23	13	10
PSPPH_1951	22	8	14
PSPPH_1952	180	82	99
PSPPH_1953	30	19	11
PSPPH_1954	26	14	12
PSPPH_1955	38	21	17
PSPPH_1956	156	73	83
PSPPH_1957	47	18	29
PSPPH_1958	105	41	64
PSPPH_1959	35	13	22
PSPPH_1960	13	10	10
PSPPH_1961	29	18	18
PSPPH_1962	16	7	9
PSPPH_1963	41	18	23
PSPPH_1964	39	20	19
PSPPH_1965	73	43	30
PSPPH_1966	4	1	3
PSPPH_1967	13	7	6
PSPPH_1968	10	2	8
PSPPH_1969	19	9	11
PSPPH_1970	9	8	1
PSPPH_1971	8	6	2
PSPPH_1972	13	7	6
PSPPH_1973	1	0	1
PSPPH_1974	184	109	82
PSPPH_1975	1	2	5
PSPPH_1976	24	9	15
PSPPH_1977	14	9	5
PSPPH_1978	175	89	86
PSPPH_1979	118	55	63
PSPPH_1980	288	143	145
PSPPH_1981	172	85	87
PSPPH_1982	304	159	145
PSPPH_1983	357	169	188
PSPPH_1984	340	155	185
PSPPH_1985	9	8	1
PSPPH_1986	20	8	12
PSPPH_1987	1544	758	786
PSPPH_1988	104	50	55
PSPPH_1989	82	42	40
PSPPH_1990	11	7	4
PSPPH_1992	0	0	0
PSPPH_1994	41	26	16
PSPPH_1995	13	1	12
PSPPH_1996	9	5	4
PSPPH_1997	10	6	4
PSPPH_1998	10	6	4
PSPPH_1999	7	4	3
PSPPH_2000	12	8	4
PSPPH_2001	22	15	7
PSPPH_2002	4	0	4
PSPPH_2003	9	3	6
PSPPH_2004	38	22	16
PSPPH_2005	1	1	0
PSPPH_2006	0	0	0
PSPPH_2007	7	1	6
PSPPH_2009	13	5	8
PSPPH_2010	4	1	3
PSPPH_2011	14	10	4
PSPPH_2012	1	1	0
PSPPH_2013	2	2	0
PSPPH_2014	0	0	0
PSPPH_2015	1	1	0
PSPPH_2016	2	0	2
PSPPH_2017	55	26	29
PSPPH_2018	5	3	2
PSPPH_2019	1	1	0
PSPPH_2020	2	2	0
PSPPH_2021	74	43	31
PSPPH_2022	10	4	6
PSPPH_2023	2	1	1
PSPPH_2024	31	13	18
PSPPH_2025	13	5	8
PSPPH_2026	23	12	11
PSPPH_2027	31	12	19
PSPPH_2028	5	5	3
PSPPH_2029	4	3	4
PSPPH_2030	26	15	11
PSPPH_2031	9	2	7
PSPPH_2032	8	5	3
PSPPH_2035	5	2	3
PSPPH_2036	8	4	4
PSPPH_2037	17	6	11
PSPPH_2038	1	1	2
PSPPH_2039	17	9	10
PSPPH_2040	0	0	0
PSPPH_2041	55	26	29
PSPPH_2042	1558	813	745
PSPPH_2043	64	33	31
PSPPH_2044	30	13	17
PSPPH_2045	22	11	11
PSPPH_2046	8	5	3
PSPPH_2047	3	1	2
PSPPH_2048	22	16	12
PSPPH_2049	9	8	7
PSPPH_2050	7	1	7
PSPPH_2051	10	5	6
PSPPH_2052	8	4	4
PSPPH_2053	10	5	5
PSPPH_2054	4	2	2
PSPPH_2055	6	4	2
PSPPH_2056	5	2	4
PSPPH_2057	46	24	22
PSPPH_2058	66	25	41
PSPPH_2059	22	12	12
PSPPH_2060	12	10	4
PSPPH_2061	194	89	105
PSPPH_2062	12	6	6
PSPPH_2063	20	8	12
PSPPH_2064	13	5	8
PSPPH_2065	1	1	0
PSPPH_2066	14	10	4
PSPPH_2067	127	68	59
PSPPH_2068	1275	645	631
PSPPH_2069	2	2	0
PSPPH_2070	13	7	6
PSPPH_2071	7	3	4
PSPPH_2072	2	1	1
PSPPH_2073	4	4	0
PSPPH_2074	2	2	0
PSPPH_2075	5	3	2
PSPPH_2076	5	5	1
PSPPH_2077	5	4	2
PSPPH_2078	88	45	43
PSPPH_2079	26	14	12
PSPPH_2080	31	18	15
PSPPH_2081	21	9	14
PSPPH_2082	11	4	8
PSPPH_2083	3	1	2
PSPPH_2084	1	0	1
PSPPH_2085	1	1	0
PSPPH_2086	1	1	0
PSPPH_2087	5	3	2
PSPPH_2088	13	7	6
PSPPH_2089	3	1	2
PSPPH_2090	6	2	4
PSPPH_2091	15	10	7
PSPPH_2092	0	0	2
PSPPH_2093	0	0	0
PSPPH_2094	15	7	8
PSPPH_2095	12	5	7
PSPPH_2096	26	19	7
PSPPH_2097	10	1	9
PSPPH_2098	18	4	14
PSPPH_2099	47	21	26
PSPPH_2100	9	3	6
PSPPH_2101	22	10	12
PSPPH_2102	19	8	11
PSPPH_2103	3	2	1
PSPPH_2104	8	5	3
PSPPH_2105	67	31	36
PSPPH_2106	0	0	0
PSPPH_2107	2	2	0
PSPPH_2108	1	0	1
PSPPH_2109	66	37	29
PSPPH_2110	15	6	10
PSPPH_2111	8	2	7
PSPPH_2112	20	9	11
PSPPH_2113	41	18	23
PSPPH_2114	29	16	14
PSPPH_2115	1	3	2
PSPPH_2116	11	5	10
PSPPH_2117	18	10	8
PSPPH_2118	24	15	9
PSPPH_2119	4	2	2
PSPPH_2120	5	3	2
PSPPH_2121	2	2	0
PSPPH_2122	0	0	0
PSPPH_2123	1	2	1
PSPPH_2124	14	7	9
PSPPH_2125	54	28	26
PSPPH_2126	27	15	13
PSPPH_2127	12	2	10
PSPPH_2128	17	12	5
PSPPH_2129	13	6	7
PSPPH_2130	12	3	9
PSPPH_2131	102	50	62
PSPPH_2132	4	8	6
PSPPH_2133	164	79	85
PSPPH_2134	20	15	5
PSPPH_2135	53	24	29
PSPPH_2136	135	67	68
PSPPH_2137	17	12	5
PSPPH_2138	66	39	27
PSPPH_2139	11	5	6
PSPPH_2140	37	20	17
PSPPH_2141	91	38	54
PSPPH_2142	29	17	12
PSPPH_2144	4	2	2
PSPPH_2145	6	2	4
PSPPH_2146	1	0	1
PSPPH_2147	3	2	1
PSPPH_2148	6	2	4
PSPPH_2149	1	0	1
PSPPH_2150	5	1	4
PSPPH_2151	1	0	1
PSPPH_2152	1	1	0
PSPPH_2153	0	0	0
PSPPH_2154	1	0	1
PSPPH_2155	0	0	0
PSPPH_2156	1	0	1
PSPPH_2158	11	6	5
PSPPH_2159	8	4	6
PSPPH_2160	7	3	4
PSPPH_2161	4	3	1
PSPPH_2162	1	0	1
PSPPH_2163	9	2	7
PSPPH_2164	1	1	0
PSPPH_2165	2	2	0
PSPPH_2166	8	3	5
PSPPH_2167	2	2	0
PSPPH_2168	3	1	2
PSPPH_2170	0	0	0
PSPPH_2172	2	0	2
PSPPH_2173	0	0	0
PSPPH_2174	3	2	1
PSPPH_2175	5	3	2
PSPPH_2176	6	1	5
PSPPH_2177	3	1	2
PSPPH_2179	6	4	2
PSPPH_2180	1	0	1
PSPPH_2181	8	5	3
PSPPH_2182	10	5	5
PSPPH_2183	2	1	1
PSPPH_2185	45	25	20
PSPPH_2186	30	16	14
PSPPH_2187	4	0	4
PSPPH_2188	3	2	1
PSPPH_2189	0	0	0
PSPPH_2190	0	0	0
PSPPH_2191	7	5	2
PSPPH_2192	5	1	4
PSPPH_2193	16	8	9
PSPPH_2194	1	0	2
PSPPH_2195	7	5	2
PSPPH_2196	17	5	12
PSPPH_2198	14	6	8
PSPPH_2199	65	31	34
PSPPH_2200	4	1	3
PSPPH_2201	19	7	12
PSPPH_2202	8	5	3
PSPPH_2203	11	4	7
PSPPH_2204	7	4	3
PSPPH_2205	15	7	8
PSPPH_2206	1	1	0
PSPPH_2207	2	2	0
PSPPH_2208	1	0	1
PSPPH_2209	34	14	20
PSPPH_2210	14	5	11
PSPPH_2211	11	9	4
PSPPH_2212	17	12	6
PSPPH_2213	7	7	1
PSPPH_2214	5	4	1
PSPPH_2215	5	1	4
PSPPH_2216	6	5	1
PSPPH_2218	2	0	2
PSPPH_2219	2	2	0
PSPPH_2220	501	258	249
PSPPH_2221	25	13	17
PSPPH_2222	3	3	1
PSPPH_2223	9	2	7
PSPPH_2224	5	4	1
PSPPH_2225	20	8	12
PSPPH_2226	8	5	3
PSPPH_2227	5	1	4
PSPPH_2228	55	31	24
PSPPH_2229	15	11	6
PSPPH_2230	1	1	1
PSPPH_2231	2	1	1
PSPPH_2232	8	3	5
PSPPH_2233	2	4	0
PSPPH_2234	1	1	2
PSPPH_2235	15	8	7
PSPPH_2236	7	3	4
PSPPH_2237	20	12	8
PSPPH_2238	40	16	27
PSPPH_2239	6	3	6
PSPPH_2240	3	2	1
PSPPH_2241	3	2	1
PSPPH_2242	2	0	2
PSPPH_2243	29	18	11
PSPPH_2244	35	14	21
PSPPH_2245	29	19	11
PSPPH_2246	15	8	7
PSPPH_2247	13	6	7
PSPPH_2248	18	12	6
PSPPH_2249	14	5	9
PSPPH_2250	27	19	8
PSPPH_2251	30	16	14
PSPPH_2253	9	4	5
PSPPH_2255	5	2	3
PSPPH_2256	0	0	0
PSPPH_2257	2	1	1
PSPPH_2258	6	2	4
PSPPH_2259	7	4	3
PSPPH_2260	48	21	27
PSPPH_2261	58	33	25
PSPPH_2262	19	13	10
PSPPH_2263	76	46	34
PSPPH_2264	64	34	30
PSPPH_2265	247	128	119
PSPPH_2266	37	16	21
PSPPH_2267	14	9	5
PSPPH_2268	5	4	1
PSPPH_2269	16	5	11
PSPPH_2270	2	1	1
PSPPH_2271	12	12	1
PSPPH_2272	6	3	3
PSPPH_2273	7	6	1
PSPPH_2274	3	1	2
PSPPH_2275	1	0	1
PSPPH_2276	2	1	1
PSPPH_2277	1	1	0
PSPPH_2278	2	0	2
PSPPH_2279	6	3	3
PSPPH_2280	9	2	7
PSPPH_2281	2	2	0
PSPPH_2282	7	1	6
PSPPH_2283	2	1	1
PSPPH_2285	1	0	1
PSPPH_2287	0	0	0
PSPPH_2288	0	0	0
PSPPH_2289	0	0	0
PSPPH_2290	8	6	2
PSPPH_2291	2	0	2
PSPPH_2292	3	2	1
PSPPH_2293	17	6	11
PSPPH_2295	8	2	6
PSPPH_2296	10	5	5
PSPPH_2297	0	0	0
PSPPH_2298	1	1	0
PSPPH_2299	0	0	1
PSPPH_2300	8	3	6
PSPPH_2301	1	0	1
PSPPH_2302	6	4	2
PSPPH_2303	10	6	4
PSPPH_2305	1	0	1
PSPPH_2306	2	1	1
PSPPH_2307	2	1	1
PSPPH_2308	0	0	0
PSPPH_2309	6	2	4
PSPPH_2310	20	11	9
PSPPH_2311	11	5	7
PSPPH_2312	0	0	0
PSPPH_2313	1	0	1
PSPPH_2314	6	6	0
PSPPH_2315	5	0	5
PSPPH_2316	4	3	1
PSPPH_2317	32	20	12
PSPPH_2318	4	1	3
PSPPH_2319	12	9	4
PSPPH_2320	16	6	11
PSPPH_2321	6	4	3
PSPPH_2322	1	0	1
PSPPH_2323	8	3	5
PSPPH_2324	3	1	2
PSPPH_2325	14	7	7
PSPPH_2326	5	5	0
PSPPH_2327	4	0	4
PSPPH_2328	26	12	14
PSPPH_2329	38	18	20
PSPPH_2330	4	0	4
PSPPH_2332	2	2	0
PSPPH_2333	6	3	3
PSPPH_2334	0	0	0
PSPPH_2335	5	4	1
PSPPH_2336	5	4	2
PSPPH_2337	95	51	45
PSPPH_2338	8	5	4
PSPPH_2339	5	1	4
PSPPH_2340	0	0	0
PSPPH_2341	5	3	2
PSPPH_2342	2	0	2
PSPPH_2343	0	0	1
PSPPH_2344	6	5	2
PSPPH_2346	0	0	0
PSPPH_2347	1	0	1
PSPPH_2349	8	4	4
PSPPH_2351	4	7	0
PSPPH_2350	0	0	2
PSPPH_2352	1	1	0
PSPPH_2353	2	1	1
PSPPH_2354	3	3	0
PSPPH_2356	12	5	8
PSPPH_2357	11	6	6
PSPPH_2358	4	1	3
PSPPH_2359	1	0	1
PSPPH_2360	20	11	9
PSPPH_2361	5	3	3
PSPPH_2362	1	0	1
PSPPH_2363	3	2	1
PSPPH_2364	3	0	3
PSPPH_2365	4	2	2
PSPPH_2366	9	7	2
PSPPH_2367	5	3	2
PSPPH_2368	0	0	0
PSPPH_2369	1	1	0
PSPPH_2370	0	0	0
PSPPH_2371	4	0	4
PSPPH_2372	2	1	1
PSPPH_2373	2	0	2
PSPPH_2374	0	0	0
PSPPH_2375	2	1	1
PSPPH_2376	4	1	3
PSPPH_2377	13	7	6
PSPPH_2378	5	3	2
PSPPH_2379	7	3	6
PSPPH_2380	1	1	0
PSPPH_2381	11	4	7
PSPPH_2383	7	2	6
PSPPH_2384	9	3	7
PSPPH_2385	3	2	1
PSPPH_2386	2	0	2
PSPPH_2387	0	0	0
PSPPH_2388	4	3	1
PSPPH_2389	8	4	4
PSPPH_2390	2	1	1
PSPPH_2391	83	44	39
PSPPH_2392	72	34	38
PSPPH_2393	0	0	0
PSPPH_2394	1	0	1
PSPPH_2395	0	0	0
PSPPH_2396	4	3	1
PSPPH_2397	3	2	2
PSPPH_2398	0	0	0
PSPPH_2399	8	3	5
PSPPH_2400	1	0	1
PSPPH_2402	3	2	1
PSPPH_2403	21	13	8
PSPPH_2404	8	4	4
PSPPH_2405	58	34	24
PSPPH_2406	13	8	5
PSPPH_2407	11	7	4
PSPPH_2408	24	10	16
PSPPH_2409	2	3	1
PSPPH_2410	11	2	9
PSPPH_2411	0	0	0
PSPPH_2412	6	5	1
PSPPH_2413	3	2	1
PSPPH_2414	1	0	1
PSPPH_2415	0	0	0
PSPPH_2416	2	2	0
PSPPH_2417	2	1	1
PSPPH_2418	1	0	1
PSPPH_2419	3	3	0
PSPPH_2420	8	6	2
PSPPH_2421	7	1	6
PSPPH_2422	1	1	0
PSPPH_2423	3	2	1
PSPPH_2424	0	0	0
PSPPH_2425	12	7	5
PSPPH_2426	33	15	18
PSPPH_2427	9	5	4
PSPPH_2428	5	4	1
PSPPH_2429	5	1	4
PSPPH_2430	5	2	3
PSPPH_2432	10	3	7
PSPPH_2433	17	11	6
PSPPH_2434	16	10	6
PSPPH_2435	11	10	1
PSPPH_2436	13	10	3
PSPPH_2437	3	0	4
PSPPH_2438	0	1	1
PSPPH_2439	12	7	6
PSPPH_2440	5	2	3
PSPPH_2441	0	0	0
PSPPH_2442	1	0	1
PSPPH_2443	1	3	0
PSPPH_2444	5	2	5
PSPPH_2445	32	15	17
PSPPH_2446	14	9	5
PSPPH_2447	12	5	7
PSPPH_2448	17	7	10
PSPPH_2450	0	0	0
PSPPH_2451	7	5	2
PSPPH_2452	2	1	1
PSPPH_2453	4	4	0
PSPPH_2454	1	0	1
PSPPH_2455	0	0	0
PSPPH_2456	3	1	2
PSPPH_2457	1	0	1
PSPPH_2458	0	0	0
PSPPH_2459	1	2	0
PSPPH_2460	6	3	3
PSPPH_2461	2	1	1
PSPPH_2462	2	1	1
PSPPH_2463	1	0	1
PSPPH_2464	3	1	2
PSPPH_2465	14	3	11
PSPPH_2466	6	1	6
PSPPH_2467	8	4	5
PSPPH_2468	5	2	3
PSPPH_2469	14	2	12
PSPPH_2470	34	18	23
PSPPH_2471	26	18	15
PSPPH_2472	3	1	3
PSPPH_2473	2	1	2
PSPPH_2474	21	15	7
PSPPH_2475	97	48	49
PSPPH_2476	16	8	9
PSPPH_2477	51	30	21
PSPPH_2478	8	4	4
PSPPH_2479	1	0	1
PSPPH_2480	6	5	1
PSPPH_2481	6	3	3
PSPPH_2482	6	1	5
PSPPH_2483	15	3	12
PSPPH_2484	0	0	0
PSPPH_2485	0	0	0
PSPPH_2486	4	4	0
PSPPH_2487	16	8	8
PSPPH_2488	3	2	1
PSPPH_2489	3	0	3
PSPPH_2490	17	6	11
PSPPH_2491	1	1	0
PSPPH_2492	4	4	0
PSPPH_2493	68	34	37
PSPPH_2494	10	6	7
PSPPH_2495	18	8	12
PSPPH_2496	20	11	11
PSPPH_2497	23	15	8
PSPPH_2498	8	4	4
PSPPH_2499	14	13	1
PSPPH_2500	2	1	1
PSPPH_2501	4	2	2
PSPPH_2502	0	0	0
PSPPH_2503	4	6	0
PSPPH_2504	12	4	10
PSPPH_2505	5	3	2
PSPPH_2506	41	13	28
PSPPH_2507	25	12	13
PSPPH_2508	14	9	5
PSPPH_2509	67	38	29
PSPPH_2510	4	2	2
PSPPH_2512	3	2	1
PSPPH_2513	0	0	0
PSPPH_2514	11	5	6
PSPPH_2515	16	7	9
PSPPH_2516	2	0	2
PSPPH_2517	0	0	0
PSPPH_2518	1	0	1
PSPPH_2519	0	0	0
PSPPH_2520	7	5	2
PSPPH_2521	3	3	0
PSPPH_2522	0	1	0
PSPPH_2523	3	2	2
PSPPH_2524	2	2	0
PSPPH_2525	0	0	0
PSPPH_2526	0	0	0
PSPPH_2527	0	0	0
PSPPH_2528	0	0	0
PSPPH_2529	0	0	0
PSPPH_2530	3	2	1
PSPPH_2531	0	0	0
PSPPH_2532	1	0	1
PSPPH_2533	0	0	0
PSPPH_2534	4	3	1
PSPPH_2535	0	0	0
PSPPH_2536	0	0	0
PSPPH_2537	1	0	1
PSPPH_2538	1	1	0
PSPPH_2539	13	7	6
PSPPH_2540	22	6	16
PSPPH_2541	0	0	0
PSPPH_2542	1	1	1
PSPPH_2543	1	2	0
PSPPH_2545	103	56	47
PSPPH_2546	4	3	1
PSPPH_2547	5	3	2
PSPPH_2548	8	7	1
PSPPH_2549	1	1	1
PSPPH_2550	0	1	0
PSPPH_2551	7	4	3
PSPPH_2552	164	87	77
PSPPH_2553	76	46	39
PSPPH_2554	26	20	15
PSPPH_2555	3	1	2
PSPPH_2556	9	6	3
PSPPH_2557	0	0	0
PSPPH_2558	3	1	2
PSPPH_2559	6	1	5
PSPPH_2560	11	6	5
PSPPH_2561	14	9	8
PSPPH_2562	12	7	8
PSPPH_2563	6	3	4
PSPPH_2564	5	1	4
PSPPH_2565	12	7	5
PSPPH_2566	7	3	4
PSPPH_2567	20	10	10
PSPPH_2568	0	0	0
PSPPH_2569	5	1	4
PSPPH_2570	5	2	3
PSPPH_2571	30	16	14
PSPPH_2572	208	104	104
PSPPH_2573	9	7	2
PSPPH_2574	6	3	3
PSPPH_2575	57	33	24
PSPPH_2576	10	2	8
PSPPH_2577	5	1	4
PSPPH_2578	13	11	2
PSPPH_2579	8	5	5
PSPPH_2580	3	2	3
PSPPH_2581	1	0	1
PSPPH_2582	8	4	4
PSPPH_2583	13	4	9
PSPPH_2584	5	1	4
PSPPH_2585	54	24	30
PSPPH_2587	16	10	6
PSPPH_2588	8	6	2
PSPPH_2589	11	6	5
PSPPH_2590	21	6	15
PSPPH_2591	7	0	7
PSPPH_2592	37	21	16
PSPPH_2593	148	66	82
PSPPH_2594	64	33	31
PSPPH_2595	15	11	4
PSPPH_2596	89	48	41
PSPPH_2597	5	3	3
PSPPH_2598	2	2	2
PSPPH_2599	14	5	11
PSPPH_2600	17	9	9
PSPPH_2601	58	29	29
PSPPH_2602	8	3	5
PSPPH_2603	1	1	0
PSPPH_2604	10	9	2
PSPPH_2605	4	3	2
PSPPH_2606	25	17	9
PSPPH_2607	28	13	15
PSPPH_2608	21	12	9
PSPPH_2609	23	13	13
PSPPH_2610	2	2	3
PSPPH_2612	9	3	6
PSPPH_2613	8	2	6
PSPPH_2614	17	6	11
PSPPH_2615	3	1	2
PSPPH_2616	30	22	8
PSPPH_2617	12	7	5
PSPPH_2618	39	17	22
PSPPH_2619	11	5	7
PSPPH_2620	51	30	23
PSPPH_2621	35	21	15
PSPPH_2622	37	17	20
PSPPH_2623	34	17	17
PSPPH_2624	3	2	1
PSPPH_2626	27	11	16
PSPPH_2627	30	22	8
PSPPH_2629	61	31	30
PSPPH_2630	12	7	5
PSPPH_2631	9	3	6
PSPPH_2632	9	5	6
PSPPH_2633	9	6	5
PSPPH_2634	1	1	0
PSPPH_2635	3	1	2
PSPPH_2636	17	6	12
PSPPH_2637	34	22	13
PSPPH_2638	15	7	8
PSPPH_2639	46	23	23
PSPPH_2640	10	6	4
PSPPH_2641	19	9	10
PSPPH_2642	23	11	13
PSPPH_2643	17	9	9
PSPPH_2644	15	8	7
PSPPH_2645	25	14	11
PSPPH_2646	23	13	10
PSPPH_2647	22	10	12
PSPPH_2648	36	13	23
PSPPH_2650	4	2	2
PSPPH_2651	21	11	10
PSPPH_2652	10	5	5
PSPPH_2653	17	8	9
PSPPH_2654	9	4	5
PSPPH_2655	1	1	0
PSPPH_2656	2	0	2
PSPPH_2657	1	1	0
PSPPH_2658	6	3	3
PSPPH_2659	0	0	0
PSPPH_2660	2	0	2
PSPPH_2661	5	2	3
PSPPH_2662	1	0	1
PSPPH_2663	5	1	4
PSPPH_2664	2	1	1
PSPPH_2665	6	1	5
PSPPH_2666	21	10	11
PSPPH_2667	83	42	41
PSPPH_2668	43	30	19
PSPPH_2669	16	8	14
PSPPH_2670	3	3	1
PSPPH_2671	60	33	29
PSPPH_2672	3	3	2
PSPPH_2673	0	0	0
PSPPH_2674	1	0	1
PSPPH_2675	1	1	2
PSPPH_2676	6	4	4
PSPPH_2677	4	2	2
PSPPH_2678	2	1	1
PSPPH_2679	3	0	3
PSPPH_2680	13	11	2
PSPPH_2681	4	2	6
PSPPH_2682	3	5	2
PSPPH_2683	11	7	4
PSPPH_2684	3	3	0
PSPPH_2685	3	2	1
PSPPH_2686	5	2	3
PSPPH_2687	4	4	0
PSPPH_2688	3	0	3
PSPPH_2689	3	2	1
PSPPH_2690	119	58	65
PSPPH_2691	28	15	16
PSPPH_2692	6	1	5
PSPPH_2693	5	2	3
PSPPH_2694	7	1	6
PSPPH_2695	0	0	0
PSPPH_2696	5	2	3
PSPPH_2697	4	2	2
PSPPH_2698	3	2	1
PSPPH_2699	3	0	3
PSPPH_2700	2	1	1
PSPPH_2701	0	0	0
PSPPH_2702	2	3	0
PSPPH_2703	1	1	1
PSPPH_2704	3	1	2
PSPPH_2705	3	1	2
PSPPH_2706	1	0	1
PSPPH_2707	6	4	2
PSPPH_2708	2	2	0
PSPPH_2709	2	2	0
PSPPH_2710	4	3	1
PSPPH_2711	1	0	1
PSPPH_2712	1	0	1
PSPPH_2713	11	5	6
PSPPH_2714	5	2	3
PSPPH_2715	3	1	2
PSPPH_2716	2	1	1
PSPPH_2717	1	1	0
PSPPH_2718	8	3	5
PSPPH_2719	3	1	2
PSPPH_2720	1	1	0
PSPPH_2721	2	1	1
PSPPH_2722	1	1	0
PSPPH_2723	2	3	0
PSPPH_2724	2	2	0
PSPPH_2725	7	6	1
PSPPH_2726	5	2	3
PSPPH_2727	1	1	0
PSPPH_2728	10	7	3
PSPPH_2730	0	0	0
PSPPH_2731	1	2	0
PSPPH_2732	8	6	2
PSPPH_2733	1	1	0
PSPPH_2734	5	4	1
PSPPH_2735	9	7	2
PSPPH_2736	6	3	3
PSPPH_2737	2	1	1
PSPPH_2738	9	4	5
PSPPH_2739	0	0	0
PSPPH_2740	3	0	3
PSPPH_2741	2	1	1
PSPPH_2742	2	1	1
PSPPH_2743	1	0	1
PSPPH_2744	6	3	3
PSPPH_2745	3	1	2
PSPPH_2746	3	2	1
PSPPH_2747	10	6	4
PSPPH_2748	4	1	3
PSPPH_2749	13	10	3
PSPPH_2750	6	3	3
PSPPH_2751	2	0	2
PSPPH_2752	2	1	1
PSPPH_2753	3	1	2
PSPPH_2754	5	3	2
PSPPH_2755	2	1	1
PSPPH_2756	11	8	3
PSPPH_2757	6	3	3
PSPPH_2758	5	3	2
PSPPH_2759	2	1	1
PSPPH_2760	5	3	2
PSPPH_2761	4	0	4
PSPPH_2762	4	2	3
PSPPH_2763	3	2	2
PSPPH_2764	4	1	3
PSPPH_2766	9	5	5
PSPPH_2767	0	0	0
PSPPH_2768	1	1	0
PSPPH_2769	0	0	0
PSPPH_2770	6	4	2
PSPPH_2771	4	3	1
PSPPH_2772	4	2	3
PSPPH_2773	2	1	1
PSPPH_2774	10	5	5
PSPPH_2775	30	19	12
PSPPH_2776	1	1	0
PSPPH_2777	5	2	3
PSPPH_2778	1	0	1
PSPPH_2779	12	7	5
PSPPH_2780	0	0	0
PSPPH_2781	5	1	4
PSPPH_2782	1	0	1
PSPPH_2783	17	11	6
PSPPH_2784	2	2	0
PSPPH_2785	8	5	3
PSPPH_2786	4	2	3
PSPPH_2787	0	0	0
PSPPH_2788	1	1	0
PSPPH_2789	4	3	1
PSPPH_2790	0	0	0
PSPPH_2791	6	2	5
PSPPH_2792	14	8	6
PSPPH_2793	26	8	18
PSPPH_2795	10	3	7
PSPPH_2796	3	2	1
PSPPH_2797	0	0	0
PSPPH_2798	0	0	0
PSPPH_2799	0	0	0
PSPPH_2800	14	6	8
PSPPH_2801	18	14	6
PSPPH_2802	2	2	1
PSPPH_2803	0	0	0
PSPPH_2804	3	2	1
PSPPH_2805	0	0	0
PSPPH_2806	2	1	1
PSPPH_2807	0	0	0
PSPPH_2808	2	1	1
PSPPH_2809	4	5	0
PSPPH_2810	10	5	6
PSPPH_2811	0	1	1
PSPPH_2812	2	1	1
PSPPH_2813	29	14	15
PSPPH_2814	0	0	0
PSPPH_2815	0	0	0
PSPPH_2817	4	1	3
PSPPH_2818	5	3	2
PSPPH_2819	4	2	2
PSPPH_2820	1	1	0
PSPPH_2822	1	1	0
PSPPH_2823	5	5	1
PSPPH_2824	56	29	28
PSPPH_2825	1	1	0
PSPPH_2826	5	1	4
PSPPH_2827	10	4	6
PSPPH_2828	6	5	1
PSPPH_2829	5	0	5
PSPPH_2831	12	5	7
PSPPH_2832	7	3	4
PSPPH_2833	6	4	3
PSPPH_2834	0	0	0
PSPPH_2835	2	1	2
PSPPH_2836	0	0	0
PSPPH_2837	5	2	3
PSPPH_2838	3	1	2
PSPPH_2839	1	0	2
PSPPH_2840	2	0	2
PSPPH_2841	31	15	17
PSPPH_2842	12	6	7
PSPPH_2843	3	3	2
PSPPH_2844	1	2	2
PSPPH_2845	4	4	0
PSPPH_2846	4	3	1
PSPPH_2847	3	1	2
PSPPH_2848	0	0	0
PSPPH_2849	12	7	5
PSPPH_2850	0	0	0
PSPPH_2851	2	2	1
PSPPH_2852	0	1	0
PSPPH_2853	1	0	1
PSPPH_2854	0	0	0
PSPPH_2855	4	2	2
PSPPH_2856	12	10	3
PSPPH_2857	24	14	10
PSPPH_2858	15	6	9
PSPPH_2859	3	0	4
PSPPH_2860	17	7	11
PSPPH_2861	4	1	3
PSPPH_2862	3	2	2
PSPPH_2863	4	3	5
PSPPH_2864	0	2	1
PSPPH_2865	1	0	1
PSPPH_2866	5	3	2
PSPPH_2867	0	0	0
PSPPH_2868	18	9	9
PSPPH_2869	7	5	2
PSPPH_2870	7	4	4
PSPPH_2871	3	3	1
PSPPH_2872	6	2	4
PSPPH_2873	3	1	2
PSPPH_2875	0	0	0
PSPPH_2876	1	0	1
PSPPH_2877	2	1	1
PSPPH_2878	7	4	3
PSPPH_2879	6	3	3
PSPPH_2880	56	30	26
PSPPH_2881	8	2	6
PSPPH_2882	4	2	2
PSPPH_2883	2	2	0
PSPPH_2884	4	3	1
PSPPH_2885	6	2	4
PSPPH_2887	2	2	0
PSPPH_2888	0	0	0
PSPPH_2889	1	1	0
PSPPH_2890	4	3	1
PSPPH_2891	2	1	1
PSPPH_2892	11	4	7
PSPPH_2893	9	4	7
PSPPH_2894	14	5	11
PSPPH_2895	2	0	2
PSPPH_2896	15	8	7
PSPPH_2897	38	13	25
PSPPH_2898	2	0	2
PSPPH_2899	43	24	20
PSPPH_2900	10	4	6
PSPPH_2901	3	1	3
PSPPH_2902	5	2	3
PSPPH_2903	1	0	1
PSPPH_2904	2	2	0
PSPPH_2905	7	6	1
PSPPH_2906	5	2	3
PSPPH_2907	14	7	9
PSPPH_2908	15	11	5
PSPPH_2909	9	5	5
PSPPH_2910	11	6	6
PSPPH_2911	9	1	8
PSPPH_2912	9	8	2
PSPPH_2913	10	6	4
PSPPH_2914	0	0	0
PSPPH_2915	8	5	3
PSPPH_2916	2	1	1
PSPPH_2917	3	1	2
PSPPH_2918	8	6	2
PSPPH_2919	3	1	2
PSPPH_2920	6	4	2
PSPPH_2921	14	6	8
PSPPH_2922	11	4	7
PSPPH_2924	4	1	4
PSPPH_2925	3	2	1
PSPPH_2926	0	0	0
PSPPH_2927	11	8	3
PSPPH_2928	3	1	2
PSPPH_2929	2	2	0
PSPPH_2930	7	4	3
PSPPH_2931	7	2	5
PSPPH_2932	4	3	1
PSPPH_2933	5	2	3
PSPPH_2934	11	7	4
PSPPH_2935	2	1	1
PSPPH_2936	2	2	1
PSPPH_2937	12	6	6
PSPPH_2938	7	4	3
PSPPH_2939	4	1	3
PSPPH_2940	9	5	4
PSPPH_2941	4	1	3
PSPPH_2942	5	4	1
PSPPH_2943	17	12	6
PSPPH_2944	9	15	6
PSPPH_2945	34	23	23
PSPPH_2946	5	5	0
PSPPH_2947	6	2	5
PSPPH_2948	8	7	2
PSPPH_2949	8	5	4
PSPPH_2950	1	0	1
PSPPH_2951	3	0	3
PSPPH_2952	12	10	2
PSPPH_2953	1	1	0
PSPPH_2954	0	0	0
PSPPH_2955	5	4	1
PSPPH_2956	2	2	0
PSPPH_2957	4	1	3
PSPPH_2958	7	6	1
PSPPH_2959	5	3	2
PSPPH_2960	7	2	5
PSPPH_2961	3	1	2
PSPPH_2962	3	1	2
PSPPH_2963	0	0	0
PSPPH_2964	18	10	8
PSPPH_2965	4	0	4
PSPPH_2966	12	4	8
PSPPH_2967	16	6	10
PSPPH_2968	3	1	2
PSPPH_2969	0	0	0
PSPPH_2970	14	10	4
PSPPH_2971	51	30	21
PSPPH_2972	1	0	1
PSPPH_2973	4	2	2
PSPPH_2974	14	7	7
PSPPH_2975	2	0	4
PSPPH_2976	0	2	0
PSPPH_2977	2	1	1
PSPPH_2978	1	1	0
PSPPH_2979	1	1	0
PSPPH_2980	4	0	4
PSPPH_2981	7	5	2
PSPPH_2982	1	0	1
PSPPH_2983	14	9	5
PSPPH_2984	7	6	1
PSPPH_2986	17	5	13
PSPPH_2987	2	3	0
PSPPH_2988	0	0	0
PSPPH_2989	1	0	1
PSPPH_2990	6	2	4
PSPPH_2991	16	5	11
PSPPH_2992	1	1	0
PSPPH_2993	3	0	3
PSPPH_2994	3	2	2
PSPPH_2995	14	9	6
PSPPH_2996	5	3	2
PSPPH_2997	0	0	0
PSPPH_2998	8	3	5
PSPPH_2999	14	6	8
PSPPH_3000	3	0	3
PSPPH_3001	10	5	5
PSPPH_3002	18	11	8
PSPPH_3003	2	1	1
PSPPH_3004	13	3	11
PSPPH_3005	4	5	1
PSPPH_3006	15	5	10
PSPPH_3007	12	4	8
PSPPH_3008	4	1	3
PSPPH_3009	17	9	10
PSPPH_3010	4	5	1
PSPPH_3012	1	3	1
PSPPH_3013	5	5	3
PSPPH_3014	21	14	10
PSPPH_3015	4	4	3
PSPPH_3016	3	2	1
PSPPH_3017	6	3	3
PSPPH_3018	13	5	8
PSPPH_3019	13	4	9
PSPPH_3020	15	9	7
PSPPH_3021	2	2	2
PSPPH_3022	6	2	5
PSPPH_3023	129	69	63
PSPPH_3024	34	25	11
PSPPH_3025	8	5	4
PSPPH_3026	5	3	3
PSPPH_3027	0	0	0
PSPPH_3028	10	5	5
PSPPH_3030	2	0	3
PSPPH_3031	9	9	1
PSPPH_3032	15	6	9
PSPPH_3034	5	4	1
PSPPH_3035	10	6	4
PSPPH_3036	5	1	4
PSPPH_3037	6	3	4
PSPPH_3038	6	3	3
PSPPH_3039	11	4	7
PSPPH_3040	27	12	15
PSPPH_3041	7	4	4
PSPPH_3042	64	29	35
PSPPH_3043	27	13	14
PSPPH_3044	11	3	9
PSPPH_3045	23	12	12
PSPPH_3046	4	0	5
PSPPH_3047	4	0	4
PSPPH_3048	3	0	3
PSPPH_3049	2	1	1
PSPPH_3050	11	8	3
PSPPH_3052	4	3	1
PSPPH_3053	6	4	2
PSPPH_3054	15	6	9
PSPPH_3055	3	1	2
PSPPH_3056	2	1	1
PSPPH_3057	4	4	0
PSPPH_3058	3	1	2
PSPPH_3059	2	1	1
PSPPH_3060	1	1	0
PSPPH_3061	4	1	3
PSPPH_3062	5	3	2
PSPPH_3063	8	3	5
PSPPH_3064	9	3	6
PSPPH_3066	11	4	7
PSPPH_3067	6	4	2
PSPPH_3068	4	1	3
PSPPH_3070	181	90	91
PSPPH_3071	7	2	6
PSPPH_3072	10	6	5
PSPPH_3073	7	5	2
PSPPH_3075	7	3	4
PSPPH_3077	35	7	28
PSPPH_3079	15	9	7
PSPPH_3080	9	4	6
PSPPH_3081	3	2	1
PSPPH_3082	3	1	2
PSPPH_3083	2	1	1
PSPPH_3084	1	1	0
PSPPH_3085	1	1	0
PSPPH_3086	9	4	5
PSPPH_3088	48	25	23
PSPPH_3089	46	28	18
PSPPH_3090	9	4	5
PSPPH_3091	24	8	16
PSPPH_3092	13	8	5
PSPPH_3093	64	28	36
PSPPH_3094	2	0	2
PSPPH_3095	13	5	8
PSPPH_3096	14	9	6
PSPPH_3097	576	309	268
PSPPH_3098	83	47	36
PSPPH_3099	7	5	2
PSPPH_3100	260	124	136
PSPPH_3101	5	2	3
PSPPH_3102	5	2	3
PSPPH_3103	3	3	0
PSPPH_3104	32	15	17
PSPPH_3105	14	9	6
PSPPH_3106	3	2	1
PSPPH_3107	6	2	4
PSPPH_3108	37	25	12
PSPPH_3109	49	28	21
PSPPH_3110	66	32	34
PSPPH_3111	172	83	90
PSPPH_3112	32	19	13
PSPPH_3113	181	83	98
PSPPH_3114	363	179	184
PSPPH_3115	66	30	36
PSPPH_3116	53	28	25
PSPPH_3117	19	10	9
PSPPH_3118	5	2	3
PSPPH_3119	104	48	56
PSPPH_3120	86	46	40
PSPPH_3121	85	38	47
PSPPH_3122	5	3	2
PSPPH_3123	4	3	2
PSPPH_3124	3	1	3
PSPPH_3125	11	4	7
PSPPH_3126	8	3	5
PSPPH_3127	6	4	2
PSPPH_3128	3	3	0
PSPPH_3129	2	0	2
PSPPH_3130	0	0	0
PSPPH_3136	5	4	1
PSPPH_3137	9	5	5
PSPPH_3138	79	42	38
PSPPH_3139	8	5	3
PSPPH_3140	9	5	4
PSPPH_3141	6	4	2
PSPPH_3142	2	2	1
PSPPH_3143	3	3	0
PSPPH_3144	7	3	5
PSPPH_3145	3	2	1
PSPPH_3146	8	4	4
PSPPH_3147	0	0	0
PSPPH_3148	4	5	0
PSPPH_3149	3	3	1
PSPPH_3150	6	4	2
PSPPH_3151	4	0	5
PSPPH_3153	11	2	9
PSPPH_3154	1	0	1
PSPPH_3155	3	0	4
PSPPH_3156	50	34	17
PSPPH_3157	19	9	10
PSPPH_3158	9	7	7
PSPPH_3159	8	3	9
PSPPH_3160	26	11	16
PSPPH_3161	31	20	11
PSPPH_3162	23	15	8
PSPPH_3163	8	5	4
PSPPH_3165	22	12	10
PSPPH_3166	3	1	2
PSPPH_3167	6	5	2
PSPPH_3168	6	3	4
PSPPH_3169	16	6	11
PSPPH_3170	9	5	5
PSPPH_3171	12	7	6
PSPPH_3172	33	16	17
PSPPH_3173	3	2	1
PSPPH_3175	9	4	5
PSPPH_3176	1	0	1
PSPPH_3177	8	5	8
PSPPH_3178	8	5	8
PSPPH_3179	8	3	6
PSPPH_3180	21	7	15
PSPPH_3181	131	65	66
PSPPH_3182	7	4	3
PSPPH_3183	4	3	1
PSPPH_3184	5	3	2
PSPPH_3185	1	1	0
PSPPH_3186	23	10	13
PSPPH_3187	4	1	3
PSPPH_3188	6	4	2
PSPPH_3189	7	5	2
PSPPH_3190	6	4	2
PSPPH_3191	7	0	7
PSPPH_3192	5	4	1
PSPPH_3195	23	14	11
PSPPH_3196	4	2	4
PSPPH_3197	3	2	1
PSPPH_3198	5	3	2
PSPPH_3199	18	11	8
PSPPH_3200	20	10	11
PSPPH_3201	22	9	13
PSPPH_3202	32	22	10
PSPPH_3203	7	4	3
PSPPH_3204	17	18	6
PSPPH_3205	9	8	8
PSPPH_3206	35	18	17
PSPPH_3207	107	54	53
PSPPH_3208	5	2	3
PSPPH_3209	58	29	29
PSPPH_3210	104	58	46
PSPPH_3211	4	0	4
PSPPH_3212	1	0	4
PSPPH_3213	28	17	14
PSPPH_3214	29	18	12
PSPPH_3215	43	20	24
PSPPH_3216	22	9	13
PSPPH_3217	6	1	5
PSPPH_3218	1	1	0
PSPPH_3219	14	3	11
PSPPH_3220	5	5	4
PSPPH_3221	13	8	7
PSPPH_3222	7	3	4
PSPPH_3223	11	8	3
PSPPH_3224	11	5	6
PSPPH_3225	17	12	6
PSPPH_3226	11	4	7
PSPPH_3227	6	3	3
PSPPH_3228	12	5	7
PSPPH_3229	4	2	2
PSPPH_3230	18	9	9
PSPPH_3231	4	2	2
PSPPH_3232	7	4	3
PSPPH_3233	5	2	3
PSPPH_3234	4	3	1
PSPPH_3235	7	4	3
PSPPH_3236	2	1	2
PSPPH_3237	14	7	7
PSPPH_3238	130	61	69
PSPPH_3239	27	14	13
PSPPH_3240	2	2	3
PSPPH_3241	41	19	26
PSPPH_3242	13	3	10
PSPPH_3243	25	9	17
PSPPH_3244	13	8	10
PSPPH_3245	83	50	37
PSPPH_3246	59	27	32
PSPPH_3247	5	6	3
PSPPH_3248	15	8	10
PSPPH_3249	34	14	23
PSPPH_3250	120	66	57
PSPPH_3251	8	2	6
PSPPH_3252	22	9	13
PSPPH_3253	14	9	5
PSPPH_3254	15	4	11
PSPPH_3255	7	8	2
PSPPH_3256	8	4	7
PSPPH_3257	16	7	9
PSPPH_3258	26	15	11
PSPPH_3259	35	21	14
PSPPH_3260	14	5	10
PSPPH_3261	2	1	2
PSPPH_3262	76	38	38
PSPPH_3263	33	14	19
PSPPH_3264	9	4	5
PSPPH_3265	4	2	2
PSPPH_3266	14	9	6
PSPPH_3267	2	1	1
PSPPH_3268	4	1	3
PSPPH_3269	12	6	7
PSPPH_3270	4	3	1
PSPPH_3271	12	6	7
PSPPH_3272	15	9	6
PSPPH_3273	11	4	7
PSPPH_3274	41	19	24
PSPPH_3275	5	3	4
PSPPH_3276	20	8	15
PSPPH_3277	3	3	0
PSPPH_3278	4	3	1
PSPPH_3279	6	6	3
PSPPH_3280	12	7	8
PSPPH_3282	6	2	4
PSPPH_3283	10	7	4
PSPPH_3284	4	6	1
PSPPH_3285	6	4	4
PSPPH_3286	2	1	1
PSPPH_3287	8	4	4
PSPPH_3288	1	1	0
PSPPH_3289	3	0	3
PSPPH_3290	1	1	1
PSPPH_3291	10	7	4
PSPPH_3292	8	5	3
PSPPH_3293	52	24	29
PSPPH_3294	4	0	4
PSPPH_3295	6	3	3
PSPPH_3296	4	2	2
PSPPH_3297	1	0	1
PSPPH_3298	5	5	2
PSPPH_3299	0	0	0
PSPPH_3300	8	4	4
PSPPH_3301	10	5	7
PSPPH_3302	15	10	6
PSPPH_3303	3	0	3
PSPPH_3304	10	5	5
PSPPH_3305	11	5	6
PSPPH_3306	7	3	4
PSPPH_3307	1	0	1
PSPPH_3308	4	0	4
PSPPH_3309	13	7	6
PSPPH_3310	7	0	7
PSPPH_3311	0	0	0
PSPPH_3312	8	3	5
PSPPH_3313	3	2	1
PSPPH_3314	5	3	2
PSPPH_3315	9	4	5
PSPPH_3316	8	8	0
PSPPH_3317	11	8	8
PSPPH_3318	10	7	8
PSPPH_3320	3	1	2
PSPPH_3321	3	2	1
PSPPH_3322	1	1	0
PSPPH_3323	6	3	3
PSPPH_3324	27	14	13
PSPPH_3325	9	0	9
PSPPH_3326	80	41	39
PSPPH_3327	5	1	4
PSPPH_3328	10	4	6
PSPPH_3329	0	0	0
PSPPH_3330	0	0	0
PSPPH_3331	1	1	0
PSPPH_3332	7	6	1
PSPPH_3333	4	5	0
PSPPH_3334	10	8	2
PSPPH_3335	1	1	0
PSPPH_3336	49	20	29
PSPPH_3337	6	5	1
PSPPH_3338	7	6	1
PSPPH_3339	1	0	1
PSPPH_3340	9	6	3
PSPPH_3341	3	1	2
PSPPH_3342	10	6	4
PSPPH_3343	11	6	5
PSPPH_3344	12	9	4
PSPPH_3345	2	0	2
PSPPH_3346	16	11	5
PSPPH_3347	3	0	3
PSPPH_3348	1	1	0
PSPPH_3349	81	45	46
PSPPH_3350	19	10	19
PSPPH_3351	15	7	8
PSPPH_3352	6	3	3
PSPPH_3353	2	1	1
PSPPH_3354	4	2	2
PSPPH_3355	3	2	1
PSPPH_3356	3	2	2
PSPPH_3357	3	1	2
PSPPH_3358	4	2	2
PSPPH_3359	8	0	9
PSPPH_3360	32	15	17
PSPPH_3361	18	8	10
PSPPH_3362	9	5	4
PSPPH_3363	26	11	15
PSPPH_3364	16	12	5
PSPPH_3365	9	6	3
PSPPH_3366	10	5	5
PSPPH_3367	11	7	5
PSPPH_3368	1	1	0
PSPPH_3369	2	0	2
PSPPH_3370	3	1	2
PSPPH_3371	1	1	0
PSPPH_3372	0	0	0
PSPPH_3373	2	2	0
PSPPH_3374	1	0	1
PSPPH_3375	14	7	7
PSPPH_3376	21	7	14
PSPPH_3377	13	10	3
PSPPH_3378	13	5	8
PSPPH_3379	2	2	2
PSPPH_3380	7	4	3
PSPPH_3381	7	6	1
PSPPH_3382	11	6	6
PSPPH_3383	5	1	4
PSPPH_3384	4	1	3
PSPPH_3385	5	2	4
PSPPH_3386	6	4	3
PSPPH_3387	155	73	82
PSPPH_3388	5	5	1
PSPPH_3389	18	10	8
PSPPH_3390	248	113	135
PSPPH_3391	22	12	10
PSPPH_3392	5	1	4
PSPPH_3393	28	12	16
PSPPH_3394	44	26	18
PSPPH_3395	34	19	17
PSPPH_3396	13	8	5
PSPPH_3397	22	12	10
PSPPH_3398	4	3	2
PSPPH_3399	4	3	2
PSPPH_3400	4	1	3
PSPPH_3401	1	0	1
PSPPH_3402	3	1	2
PSPPH_3403	3	1	2
PSPPH_3404	8	6	3
PSPPH_3405	7	4	4
PSPPH_3406	8	2	6
PSPPH_3407	2	1	1
PSPPH_3408	1	1	0
PSPPH_3409	13	2	11
PSPPH_3410	15	8	7
PSPPH_3411	4	1	3
PSPPH_3412	38	21	19
PSPPH_3413	72	32	42
PSPPH_3414	6	5	3
PSPPH_3415	15	9	6
PSPPH_3416	15	8	7
PSPPH_3417	10	6	5
PSPPH_3418	18	13	7
PSPPH_3419	25	15	11
PSPPH_3420	2	1	1
PSPPH_3421	2	0	2
PSPPH_3422	12	9	3
PSPPH_3423	6	5	1
PSPPH_3424	3	2	2
PSPPH_3425	6	7	0
PSPPH_3426	3	1	2
PSPPH_3427	6	6	1
PSPPH_3428	17	10	7
PSPPH_3429	10	4	6
PSPPH_3430	21	9	13
PSPPH_3431	9	6	6
PSPPH_3432	31	21	12
PSPPH_3433	0	0	0
PSPPH_3434	0	0	0
PSPPH_3435	7	2	6
PSPPH_3436	9	4	7
PSPPH_3437	3	0	3
PSPPH_3438	4	0	4
PSPPH_3439	2	1	1
PSPPH_3441	0	0	0
PSPPH_3443	3	3	0
PSPPH_3444	3	3	0
PSPPH_3445	1	1	1
PSPPH_3446	44	18	27
PSPPH_3447	13	7	6
PSPPH_3448	6	3	3
PSPPH_3449	5	4	1
PSPPH_3450	0	1	0
PSPPH_3451	0	0	0
PSPPH_3452	0	0	0
PSPPH_3453	0	0	0
PSPPH_3454	4	5	1
PSPPH_3455	14	10	6
PSPPH_3456	63	37	26
PSPPH_3458	7	2	5
PSPPH_3459	5	6	0
PSPPH_3460	4	4	1
PSPPH_3461	504	258	262
PSPPH_3462	25	15	23
PSPPH_3464	11	5	7
PSPPH_3465	14	9	6
PSPPH_3466	32	18	14
PSPPH_3467	6	3	3
PSPPH_3468	27	13	14
PSPPH_3469	12	5	8
PSPPH_3470	33	18	15
PSPPH_3471	20	11	9
PSPPH_3472	5	3	2
PSPPH_3473	17	5	12
PSPPH_3474	1	0	1
PSPPH_3475	8	4	5
PSPPH_3476	5	1	4
PSPPH_3477	5	4	1
PSPPH_3478	15	9	6
PSPPH_3479	8	3	6
PSPPH_3480	0	0	0
PSPPH_3481	3	1	2
PSPPH_3482	6	2	4
PSPPH_3483	3	2	1
PSPPH_3484	1	2	1
PSPPH_3485	5	2	4
PSPPH_3486	12	6	6
PSPPH_3487	2	1	2
PSPPH_3488	6	5	1
PSPPH_3489	42	25	17
PSPPH_3490	6	3	3
PSPPH_3491	11	6	5
PSPPH_3492	0	0	0
PSPPH_3493	0	0	1
PSPPH_3495	4	3	1
PSPPH_3497	0	0	0
PSPPH_3498	22	13	9
PSPPH_3499	2	2	0
PSPPH_3500	1	1	0
PSPPH_3502	12	8	4
PSPPH_3503	9	4	5
PSPPH_3504	20	10	11
PSPPH_3505	21	6	16
PSPPH_3506	8	3	5
PSPPH_3510	15	5	12
PSPPH_3511	87	44	45
PSPPH_3512	190	105	85
PSPPH_3513	117	55	62
PSPPH_3514	17	8	13
PSPPH_3515	53	26	31
PSPPH_3516	16	8	8
PSPPH_3517	105	52	53
PSPPH_3518	95	50	47
PSPPH_3519	94	52	43
PSPPH_3520	42	24	18
PSPPH_3521	121	65	56
PSPPH_3522	12	7	5
PSPPH_3523	8	3	5
PSPPH_3524	15	6	9
PSPPH_3525	3	2	1
PSPPH_3526	6	4	2
PSPPH_3527	29	13	16
PSPPH_3528	688	356	332
PSPPH_3529	110	63	55
PSPPH_3530	51	24	35
PSPPH_3531	7	6	3
PSPPH_3532	2	0	2
PSPPH_3533	2	1	1
PSPPH_3534	15	9	6
PSPPH_3535	19	11	8
PSPPH_3536	7	4	3
PSPPH_3537	0	0	0
PSPPH_3538	144	74	72
PSPPH_3539	5	1	4
PSPPH_3540	10	5	5
PSPPH_3541	13	9	5
PSPPH_3542	20	9	11
PSPPH_3543	52	24	30
PSPPH_3544	9	6	4
PSPPH_3545	4	4	1
PSPPH_3546	0	0	0
PSPPH_3547	20	13	7
PSPPH_3548	91	48	52
PSPPH_3549	0	3	8
PSPPH_3550	9	6	10
PSPPH_3551	10	7	8
PSPPH_3552	16	11	6
PSPPH_3553	7	0	7
PSPPH_3554	9	7	4
PSPPH_3555	6	5	1
PSPPH_3556	2	2	0
PSPPH_3557	4	4	0
PSPPH_3558	519	248	272
PSPPH_3559	3	1	2
PSPPH_3560	684	336	348
PSPPH_3561	1	1	0
PSPPH_3562	6	2	4
PSPPH_3563	8	7	2
PSPPH_3564	4	2	2
PSPPH_3565	1	1	0
PSPPH_3566	4	3	1
PSPPH_3567	13	6	7
PSPPH_3568	12	7	5
PSPPH_3569	13	7	6
PSPPH_3570	18	12	6
PSPPH_3571	2	0	2
PSPPH_3572	9	6	3
PSPPH_3573	0	0	0
PSPPH_3574	20	16	5
PSPPH_3575	30	17	13
PSPPH_3576	28	14	14
PSPPH_3577	24	14	10
PSPPH_3578	1	0	1
PSPPH_3579	0	0	0
PSPPH_3580	11	7	5
PSPPH_3581	7	3	5
PSPPH_3582	0	0	0
PSPPH_3583	2	2	0
PSPPH_3584	2	1	1
PSPPH_3585	9	5	5
PSPPH_3586	10	4	7
PSPPH_3587	1	2	0
PSPPH_3588	6	5	1
PSPPH_3589	17	12	5
PSPPH_3590	4	2	2
PSPPH_3591	14	4	10
PSPPH_3592	14	7	7
PSPPH_3593	20	11	9
PSPPH_3594	18	11	7
PSPPH_3595	87	46	42
PSPPH_3596	15	8	7
PSPPH_3597	11	3	8
PSPPH_3598	15	6	10
PSPPH_3599	17	13	4
PSPPH_3600	26	11	15
PSPPH_3601	0	0	0
PSPPH_3602	8	3	7
PSPPH_3603	4	3	2
PSPPH_3605	17	11	12
PSPPH_3606	7	8	5
PSPPH_3607	1	0	1
PSPPH_3608	8	1	7
PSPPH_3609	4	0	4
PSPPH_3610	6	5	1
PSPPH_3611	10	3	7
PSPPH_3612	1	1	0
PSPPH_3613	8	5	3
PSPPH_3614	5	2	3
PSPPH_3615	4	3	2
PSPPH_3616	19	11	9
PSPPH_3617	14	10	4
PSPPH_3618	17	10	7
PSPPH_3619	7	3	4
PSPPH_3620	13	5	8
PSPPH_3625	24	12	13
PSPPH_3626	12	5	8
PSPPH_3627	20	7	13
PSPPH_3628	15	11	9
PSPPH_3629	17	10	12
PSPPH_3630	21	11	10
PSPPH_3631	26	16	10
PSPPH_3632	248	124	124
PSPPH_3633	9	6	3
PSPPH_3634	44	23	21
PSPPH_3635	4	0	4
PSPPH_3636	12	3	11
PSPPH_3637	6	3	5
PSPPH_3639	0	0	0
PSPPH_3640	0	0	0
PSPPH_3641	5	3	4
PSPPH_3642	8	4	4
PSPPH_3643	8	5	4
PSPPH_3644	6	4	3
PSPPH_3645	3	2	1
PSPPH_3646	5	2	3
PSPPH_3647	7	3	4
PSPPH_3648	58	28	32
PSPPH_3649	11	3	8
PSPPH_3650	6	5	2
PSPPH_3651	3	2	1
PSPPH_3652	48	27	23
PSPPH_3653	17	9	10
PSPPH_3654	23	13	10
PSPPH_3655	2	1	1
PSPPH_3656	27	15	13
PSPPH_3657	14	9	5
PSPPH_3658	31	17	14
PSPPH_3659	8	2	6
PSPPH_3660	6	11	7
PSPPH_3661	18	15	15
PSPPH_3662	321	165	157
PSPPH_3663	81	40	41
PSPPH_3664	14	7	7
PSPPH_3665	23	15	9
PSPPH_3666	25	13	12
PSPPH_3667	131	64	68
PSPPH_3668	19	11	8
PSPPH_3669	13	6	7
PSPPH_3670	24	18	7
PSPPH_3671	22	16	6
PSPPH_3672	9	3	6
PSPPH_3673	15	11	5
PSPPH_3674	28	14	15
PSPPH_3675	34	16	19
PSPPH_3676	20	9	11
PSPPH_3677	9	1	8
PSPPH_3678	24	7	17
PSPPH_3679	27	17	10
PSPPH_3680	49	22	27
PSPPH_3681	17	9	9
PSPPH_3682	8	4	5
PSPPH_3683	7	4	4
PSPPH_3684	7	3	4
PSPPH_3685	13	7	6
PSPPH_3686	13	7	6
PSPPH_3687	4	3	1
PSPPH_3688	17	8	9
PSPPH_3689	241	138	105
PSPPH_3690	15	5	10
PSPPH_3691	1	1	0
PSPPH_3692	12	3	9
PSPPH_3693	3	0	3
PSPPH_3694	2	2	0
PSPPH_3695	9	5	4
PSPPH_3696	0	0	1
PSPPH_3697	9	2	8
PSPPH_3698	5	0	5
PSPPH_3699	3	3	0
PSPPH_3700	4	2	2
PSPPH_3701	8	4	4
PSPPH_3702	6	1	5
PSPPH_3703	15	7	9
PSPPH_3704	2	0	2
PSPPH_3705	6	2	4
PSPPH_3706	9	6	3
PSPPH_3707	8	3	5
PSPPH_3708	22	11	11
PSPPH_3709	45	18	27
PSPPH_3710	24	9	15
PSPPH_3711	13	6	7
PSPPH_3712	27	18	9
PSPPH_3713	36	16	20
PSPPH_3714	39	19	20
PSPPH_3715	30	15	16
PSPPH_3716	55	29	28
PSPPH_3717	12	3	9
PSPPH_3718	8	4	4
PSPPH_3719	22	11	11
PSPPH_3720	4	3	1
PSPPH_3721	11	7	4
PSPPH_3722	21	10	11
PSPPH_3723	1	0	1
PSPPH_3724	4	1	4
PSPPH_3725	4	2	5
PSPPH_3726	11	9	5
PSPPH_3727	7	4	3
PSPPH_3728	6	4	2
PSPPH_3729	44	20	25
PSPPH_3730	131	68	63
PSPPH_3731	148	85	63
PSPPH_3732	38	25	14
PSPPH_3733	4	3	3
PSPPH_3734	7	4	3
PSPPH_3735	5	3	2
PSPPH_3736	6	1	5
PSPPH_3737	6	3	3
PSPPH_3738	132	65	67
PSPPH_3739	3	1	2
PSPPH_3740	0	1	0
PSPPH_3741	4	3	1
PSPPH_3742	3	3	0
PSPPH_3743	5	2	3
PSPPH_3744	0	0	0
PSPPH_3745	40	24	16
PSPPH_3746	1	1	0
PSPPH_3747	0	0	0
PSPPH_3748	1	0	1
PSPPH_3749	5	2	3
PSPPH_3750	5	3	4
PSPPH_3751	0	1	0
PSPPH_3752	0	0	0
PSPPH_3753	2	2	1
PSPPH_3754	3	1	2
PSPPH_3755	7	5	2
PSPPH_3756	6	3	3
PSPPH_3757	1	0	1
PSPPH_3758	8	5	3
PSPPH_3759	14	7	7
PSPPH_3760	2	2	0
PSPPH_3763	9	4	6
PSPPH_3764	0	0	0
PSPPH_3765	81	36	45
PSPPH_3766	242	112	131
PSPPH_3767	190	100	90
PSPPH_3768	80	47	33
PSPPH_3769	7	2	5
PSPPH_3770	18	9	9
PSPPH_3771	14	5	10
PSPPH_3772	32	15	17
PSPPH_3773	9	6	3
PSPPH_3774	7	3	4
PSPPH_3775	22	12	10
PSPPH_3776	76	32	45
PSPPH_3777	3	1	2
PSPPH_3778	42	18	24
PSPPH_3779	7	5	3
PSPPH_3780	14	6	9
PSPPH_3781	32	18	14
PSPPH_3782	123	58	65
PSPPH_3783	38	22	16
PSPPH_3784	7	3	4
PSPPH_3785	5	2	3
PSPPH_3788	19	9	10
PSPPH_3789	31	18	14
PSPPH_3790	21	10	11
PSPPH_3791	6	1	5
PSPPH_3792	7	2	6
PSPPH_3793	3	2	1
PSPPH_3794	2	0	2
PSPPH_3795	5	3	2
PSPPH_3796	3	0	3
PSPPH_3797	50	23	27
PSPPH_3798	5	3	4
PSPPH_3799	2	3	1
PSPPH_3800	7	4	3
PSPPH_3801	2	1	1
PSPPH_3802	2	1	1
PSPPH_3803	17	8	12
PSPPH_3804	5	5	3
PSPPH_3805	98	39	59
PSPPH_3806	16	8	8
PSPPH_3807	41	18	24
PSPPH_3808	11	7	4
PSPPH_3809	156	86	71
PSPPH_3810	70	33	37
PSPPH_3811	12	9	4
PSPPH_3812	16	8	8
PSPPH_3813	7	4	3
PSPPH_3814	6	4	2
PSPPH_3815	86	49	37
PSPPH_3816	64	37	27
PSPPH_3817	7	8	2
PSPPH_3818	0	1	2
PSPPH_3819	7	5	2
PSPPH_3820	80	37	43
PSPPH_3821	19	9	10
PSPPH_3822	34	21	14
PSPPH_3823	25	9	16
PSPPH_3824	51	32	21
PSPPH_3825	62	26	38
PSPPH_3826	9	4	5
PSPPH_3827	21	12	9
PSPPH_3828	12	7	5
PSPPH_3829	15	7	8
PSPPH_3830	34	16	18
PSPPH_3831	36	17	19
PSPPH_3832	94	44	51
PSPPH_3833	74	39	35
PSPPH_3834	35	20	16
PSPPH_3835	11	4	7
PSPPH_3836	22	16	6
PSPPH_3837	19	11	8
PSPPH_3838	21	7	14
PSPPH_3839	58	26	32
PSPPH_3840	57	32	25
PSPPH_3841	7	3	4
PSPPH_3842	35	15	23
PSPPH_3843	22	10	12
PSPPH_3844	4	3	1
PSPPH_3845	14	6	8
PSPPH_3846	40	22	20
PSPPH_3847	7	3	4
PSPPH_3848	0	0	8
PSPPH_3849	13	14	7
PSPPH_3850	16	7	9
PSPPH_3851	7	4	4
PSPPH_3852	2	1	1
PSPPH_3853	30	14	17
PSPPH_3854	1	1	0
PSPPH_3855	0	0	0
PSPPH_3856	16	4	13
PSPPH_3857	10	5	6
PSPPH_3858	1	1	0
PSPPH_3859	3	3	0
PSPPH_3860	1	1	0
PSPPH_3861	7	4	3
PSPPH_3862	6	2	4
PSPPH_3863	58	29	30
PSPPH_3864	2	5	5
PSPPH_3865	148	93	87
PSPPH_3866	1	13	11
PSPPH_3867	34	14	20
PSPPH_3868	80	41	39
PSPPH_3869	0	0	0
PSPPH_3870	22	13	9
PSPPH_3871	45	26	19
PSPPH_3872	1	1	1
PSPPH_3873	28	12	16
PSPPH_3874	18	14	5
PSPPH_3875	46	23	24
PSPPH_3876	36	15	21
PSPPH_3877	82	44	38
PSPPH_3878	7	3	4
PSPPH_3879	17	9	8
PSPPH_3880	9	4	5
PSPPH_3881	37	16	23
PSPPH_3883	25	7	18
PSPPH_3884	4	0	4
PSPPH_3885	2	1	1
PSPPH_3886	14	9	6
PSPPH_3887	7	3	4
PSPPH_3888	14	11	4
PSPPH_3889	4	2	2
PSPPH_3890	3	2	1
PSPPH_3891	66	39	27
PSPPH_3892	25	16	9
PSPPH_3893	14	9	6
PSPPH_3894	12	5	7
PSPPH_3895	7	3	5
PSPPH_3896	10	6	7
PSPPH_3897	11	3	11
PSPPH_3898	10	5	5
PSPPH_3899	69	33	36
PSPPH_3900	11	2	10
PSPPH_3901	149	75	74
PSPPH_3902	87	41	46
PSPPH_3903	22	14	8
PSPPH_3904	10	4	6
PSPPH_3905	15	7	8
PSPPH_3906	12	9	3
PSPPH_3907	10	7	4
PSPPH_3908	3	4	0
PSPPH_3910	32	18	14
PSPPH_3911	4	1	6
PSPPH_3912	7	7	2
PSPPH_3913	15	4	11
PSPPH_3914	0	0	0
PSPPH_3915	4	4	0
PSPPH_3916	1	0	1
PSPPH_3917	2	0	2
PSPPH_3918	1	1	0
PSPPH_3919	0	0	0
PSPPH_3920	1	0	1
PSPPH_3921	2	2	0
PSPPH_3922	39	17	23
PSPPH_3923	19	15	4
PSPPH_3924	20	15	9
PSPPH_3925	3	3	5
PSPPH_3926	5	2	3
PSPPH_3927	26	14	13
PSPPH_3928	17	9	8
PSPPH_3929	7	4	3
PSPPH_3930	2	0	2
PSPPH_3931	12	6	6
PSPPH_3932	9	3	7
PSPPH_3933	13	8	5
PSPPH_3934	13	8	5
PSPPH_3935	12	4	8
PSPPH_3936	21	14	7
PSPPH_3937	1	0	1
PSPPH_3938	3	3	0
PSPPH_3939	7	3	4
PSPPH_3940	2	0	2
PSPPH_3941	406	212	196
PSPPH_3942	8	2	6
PSPPH_3943	6	4	3
PSPPH_3944	2	0	4
PSPPH_3945	13	8	7
PSPPH_3946	1	1	0
PSPPH_3947	15	9	6
PSPPH_3948	3	1	2
PSPPH_3949	10	6	4
PSPPH_3950	12	8	6
PSPPH_3951	24	13	11
PSPPH_3952	83	39	44
PSPPH_3953	58	29	30
PSPPH_3954	360	197	163
PSPPH_3955	272	142	130
PSPPH_3956	40	25	17
PSPPH_3957	4	6	0
PSPPH_3958	1	1	0
PSPPH_3959	24	9	15
PSPPH_3960	8	5	5
PSPPH_3961	16	9	9
PSPPH_3962	17	6	11
PSPPH_3963	4	4	1
PSPPH_3964	3	3	1
PSPPH_3966	7	3	4
PSPPH_3967	2	3	0
PSPPH_3968	0	0	0
PSPPH_3969	23	4	19
PSPPH_3970	1	0	1
PSPPH_3971	0	0	0
PSPPH_3972	0	0	0
PSPPH_3973	2	1	1
PSPPH_3974	2	1	1
PSPPH_3975	21	12	11
PSPPH_3976	5	4	2
PSPPH_3977	0	0	0
PSPPH_3978	23	12	11
PSPPH_3979	1	0	1
PSPPH_3980	3	3	0
PSPPH_3981	4	2	2
PSPPH_3983	1	1	0
PSPPH_3985	5	3	2
PSPPH_3986	6	1	5
PSPPH_3987	1	0	1
PSPPH_3988	2	3	0
PSPPH_3989	7	1	6
PSPPH_3990	17	10	8
PSPPH_3992	99	49	50
PSPPH_3993	40	21	19
PSPPH_3994	171	91	81
PSPPH_3995	7	1	6
PSPPH_3996	3	3	0
PSPPH_3998	8	3	5
PSPPH_3999	17	8	9
PSPPH_4000	51	25	26
PSPPH_4001	15	8	8
PSPPH_4002	9	7	2
PSPPH_4003	25	16	9
PSPPH_4004	27	12	15
PSPPH_4005	41	20	22
PSPPH_4007	0	0	0
PSPPH_4008	3	2	1
PSPPH_4009	0	0	0
PSPPH_4010	71	39	34
PSPPH_4011	5	3	3
PSPPH_4012	19	10	9
PSPPH_4013	62	41	21
PSPPH_4014	267	142	125
PSPPH_4015	162	90	72
PSPPH_4016	12	8	4
PSPPH_4017	45	20	25
PSPPH_4018	14	8	6
PSPPH_4019	14	8	6
PSPPH_4020	14	6	8
PSPPH_4021	13	6	7
PSPPH_4022	12	7	8
PSPPH_4023	1	2	0
PSPPH_4024	13	10	3
PSPPH_4025	43	16	27
PSPPH_4026	11	8	5
PSPPH_4027	3	0	4
PSPPH_4028	7	2	5
PSPPH_4029	4	2	2
PSPPH_4030	8	5	5
PSPPH_4031	12	11	2
PSPPH_4033	0	0	0
PSPPH_4034	1	1	0
PSPPH_4036	10	5	6
PSPPH_4037	31	18	14
PSPPH_4038	3	2	3
PSPPH_4039	122	61	63
PSPPH_4040	6	0	6
PSPPH_4041	84	53	31
PSPPH_4042	9	3	6
PSPPH_4043	15	7	9
PSPPH_4046	0	0	0
PSPPH_4047	0	0	0
PSPPH_4048	0	0	0
PSPPH_4049	9	1	8
PSPPH_4050	4	2	2
PSPPH_4051	3	3	0
PSPPH_4052	4	3	1
PSPPH_4053	0	0	0
PSPPH_4054	6	4	2
PSPPH_4055	4	4	1
PSPPH_4056	2	1	1
PSPPH_4057	7	4	3
PSPPH_4058	16	6	10
PSPPH_4059	3	3	0
PSPPH_4060	113	57	57
PSPPH_4061	11	6	5
PSPPH_4062	0	0	0
PSPPH_4063	6	2	4
PSPPH_4064	302	162	140
PSPPH_4065	23	7	16
PSPPH_4066	7	2	7
PSPPH_4067	8	2	6
PSPPH_4068	9	4	5
PSPPH_4069	12	7	5
PSPPH_4070	25	18	15
PSPPH_4071	5	5	7
PSPPH_4072	11	4	7
PSPPH_4073	5	1	5
PSPPH_4074	10	8	2
PSPPH_4075	6	4	2
PSPPH_4076	11	7	4
PSPPH_4077	2442	1270	1173
PSPPH_4078	336	175	161
PSPPH_4079	49	19	30
PSPPH_4080	11	4	10
PSPPH_4081	18	14	7
PSPPH_4082	1	1	0
PSPPH_4083	10	5	5
PSPPH_4084	2	2	0
PSPPH_4087	0	0	0
PSPPH_4089	7	4	5
PSPPH_4090	0	0	0
PSPPH_4091	3	3	1
PSPPH_4092	24	10	14
PSPPH_4093	15	10	5
PSPPH_4095	21	11	12
PSPPH_4096	8	5	4
PSPPH_4097	25	8	18
PSPPH_4098	14	9	6
PSPPH_4099	17	8	10
PSPPH_4100	175	91	84
PSPPH_4101	4	1	3
PSPPH_4102	74	34	40
PSPPH_4103	315	159	156
PSPPH_4104	93	41	53
PSPPH_4105	23	11	12
PSPPH_4106	34	15	19
PSPPH_4107	102	53	49
PSPPH_4108	36	24	12
PSPPH_4109	61	32	30
PSPPH_4110	62	26	36
PSPPH_4111	28	10	18
PSPPH_4112	46	22	25
PSPPH_4113	79	40	39
PSPPH_4114	67	33	34
PSPPH_4115	6	2	4
PSPPH_4116	38	19	19
PSPPH_4117	62	31	31
PSPPH_4118	20	11	9
PSPPH_4119	28	18	10
PSPPH_4120	4	1	3
PSPPH_4121	9	4	5
PSPPH_4122	17	9	8
PSPPH_4123	6	3	3
PSPPH_4124	11	6	5
PSPPH_4125	37	17	20
PSPPH_4126	43	20	23
PSPPH_4127	5	1	6
PSPPH_4128	16	9	8
PSPPH_4129	26	12	14
PSPPH_4130	15	8	7
PSPPH_4131	16	7	9
PSPPH_4132	53	29	24
PSPPH_4133	10	8	2
PSPPH_4134	12	5	7
PSPPH_4135	12	9	5
PSPPH_4136	26	13	13
PSPPH_4137	24	14	10
PSPPH_4138	15	7	8
PSPPH_4139	15	10	5
PSPPH_4140	5	3	2
PSPPH_4141	8	3	5
PSPPH_4142	31	23	9
PSPPH_4143	12	6	7
PSPPH_4144	5	1	4
PSPPH_4145	13	5	8
PSPPH_4146	9	2	7
PSPPH_4147	2	0	2
PSPPH_4148	5	3	2
PSPPH_4149	21	13	8
PSPPH_4150	13	4	9
PSPPH_4151	62	25	37
PSPPH_4152	124	61	63
PSPPH_4153	11	7	4
PSPPH_4154	12	4	8
PSPPH_4155	2	2	0
PSPPH_4156	5	3	2
PSPPH_4157	0	0	0
PSPPH_4158	1	1	0
PSPPH_4159	1	1	0
PSPPH_4160	12	7	5
PSPPH_4161	2	2	0
PSPPH_4162	131	66	67
PSPPH_4163	33	21	23
PSPPH_4164	241	126	124
PSPPH_4165	299	151	148
PSPPH_4166	38	21	17
PSPPH_4167	3	3	0
PSPPH_4168	27	13	14
PSPPH_4169	7	3	4
PSPPH_4170	4	2	2
PSPPH_4171	21	11	10
PSPPH_4172	27	17	10
PSPPH_4173	5	3	2
PSPPH_4174	37	17	20
PSPPH_4175	59	23	37
PSPPH_4176	5	2	3
PSPPH_4177	2	2	0
PSPPH_4178	8	5	4
PSPPH_4179	14	8	7
PSPPH_4180	10	6	5
PSPPH_4181	0	0	0
PSPPH_4182	29	14	15
PSPPH_4183	1	0	1
PSPPH_4184	145	78	67
PSPPH_4185	78	40	39
PSPPH_4186	447	221	227
PSPPH_4187	45	23	22
PSPPH_4188	14	8	6
PSPPH_4189	177	89	88
PSPPH_4190	67	39	29
PSPPH_4191	5	3	2
PSPPH_4194	105	56	49
PSPPH_4195	35	18	17
PSPPH_4196	79	42	37
PSPPH_4197	13	7	6
PSPPH_4198	338	159	179
PSPPH_4199	28	13	16
PSPPH_4200	5	2	3
PSPPH_4201	38	25	13
PSPPH_4202	148	67	81
PSPPH_4203	33	14	19
PSPPH_4204	67	36	31
PSPPH_4205	156	86	70
PSPPH_4206	2661	1295	1368
PSPPH_4207	439	226	213
PSPPH_4208	71	41	31
PSPPH_4209	51	25	40
PSPPH_4210	27	20	20
PSPPH_4211	3	3	0
PSPPH_4212	0	0	0
PSPPH_4213	7	6	2
PSPPH_4214	6	2	5
PSPPH_4215	66	27	39
PSPPH_4217	13	9	4
PSPPH_4218	3	2	2
PSPPH_4219	1	1	0
PSPPH_4220	5	3	2
PSPPH_4221	30	17	14
PSPPH_4222	3	2	1
PSPPH_4223	16	6	10
PSPPH_4224	16	12	4
PSPPH_4225	3	3	1
PSPPH_4226	3	4	0
PSPPH_4227	1	0	1
PSPPH_4228	6	1	5
PSPPH_4229	204	105	99
PSPPH_4230	6	1	5
PSPPH_4231	3	3	0
PSPPH_4232	2	2	0
PSPPH_4234	12	8	5
PSPPH_4235	3	1	2
PSPPH_4236	2	0	3
PSPPH_4237	7	3	4
PSPPH_4238	11	7	4
PSPPH_4239	11	9	3
PSPPH_4240	2	1	1
PSPPH_4241	6	5	1
PSPPH_4242	5	4	2
PSPPH_4243	3	2	2
PSPPH_4244	8	7	1
PSPPH_4245	21	16	10
PSPPH_4246	2	2	5
PSPPH_4247	11	7	4
PSPPH_4248	6	1	5
PSPPH_4249	54	28	26
PSPPH_4250	67	39	28
PSPPH_4251	25	12	13
PSPPH_4252	30	10	20
PSPPH_4253	9	3	8
PSPPH_4254	22	15	8
PSPPH_4255	20	10	10
PSPPH_4256	10	9	1
PSPPH_4257	21	13	8
PSPPH_4258	54	22	32
PSPPH_4259	80	41	39
PSPPH_4260	30	10	20
PSPPH_4261	35	15	22
PSPPH_4262	45	21	24
PSPPH_4263	6	1	5
PSPPH_4264	15	9	6
PSPPH_4265	32	19	13
PSPPH_4266	28	19	9
PSPPH_4267	0	0	0
PSPPH_4268	13	7	7
PSPPH_4269	6	1	5
PSPPH_4270	5	2	3
PSPPH_4271	3	4	0
PSPPH_4272	1	0	1
PSPPH_4273	42	19	23
PSPPH_4274	3	3	0
PSPPH_4275	1	0	1
PSPPH_4276	13	9	4
PSPPH_4277	1	1	0
PSPPH_4278	2	1	1
PSPPH_4279	4	1	3
PSPPH_4280	12	7	5
PSPPH_4281	7	3	5
PSPPH_4282	55	28	28
PSPPH_4283	14	9	5
PSPPH_4284	1	1	0
PSPPH_4285	1	0	1
PSPPH_4286	0	0	0
PSPPH_4287	12	5	7
PSPPH_4288	102	54	48
PSPPH_4289	92	50	42
PSPPH_4290	10	4	8
PSPPH_4291	3	2	1
PSPPH_4292	11	6	5
PSPPH_4293	57	31	26
PSPPH_4294	15	5	11
PSPPH_4295	25	12	14
PSPPH_4296	32	13	21
PSPPH_4297	4	1	3
PSPPH_4298	4	1	3
PSPPH_4299	6	1	5
PSPPH_4300	4	2	2
PSPPH_4301	4	3	2
PSPPH_4302	17	10	7
PSPPH_4303	28	13	16
PSPPH_4304	13	6	7
PSPPH_4305	33	12	21
PSPPH_4306	67	31	36
PSPPH_4307	51	30	22
PSPPH_4308	5	0	5
PSPPH_4309	9	6	4
PSPPH_4310	8	4	4
PSPPH_4311	33	14	19
PSPPH_4312	12	9	3
PSPPH_4313	63	36	27
PSPPH_4314	12	5	7
PSPPH_4315	28	14	14
PSPPH_4316	73	36	37
PSPPH_4317	50	25	25
PSPPH_4318	74	36	40
PSPPH_4319	18	5	13
PSPPH_4320	34	16	19
PSPPH_4321	6	3	4
PSPPH_4322	6	1	5
PSPPH_4323	2	2	0
PSPPH_4324	3	3	0
PSPPH_4326	46	27	19
PSPPH_4327	37	19	19
PSPPH_4328	9	7	2
PSPPH_4329	5	1	4
PSPPH_4330	178	94	84
PSPPH_4331	12	4	9
PSPPH_4332	27	17	11
PSPPH_4333	29	16	13
PSPPH_4334	12	6	6
PSPPH_4335	1	0	1
PSPPH_4336	0	0	0
PSPPH_4337	12	6	6
PSPPH_4338	2	1	1
PSPPH_4339	11	5	6
PSPPH_4340	18	10	8
PSPPH_4342	5	1	4
PSPPH_4343	6	2	4
PSPPH_4344	13	9	4
PSPPH_4345	13	5	8
PSPPH_4346	12	7	6
PSPPH_4347	19	11	8
PSPPH_4348	21	10	11
PSPPH_4349	1	0	1
PSPPH_4350	14	9	5
PSPPH_4351	7	1	6
PSPPH_4352	7	3	6
PSPPH_4353	6	5	1
PSPPH_4354	25	9	16
PSPPH_4355	10	6	4
PSPPH_4356	14	10	5
PSPPH_4357	15	11	6
PSPPH_4358	37	16	21
PSPPH_4359	287	153	134
PSPPH_4360	3	3	1
PSPPH_4361	27	13	14
PSPPH_4362	0	0	0
PSPPH_4363	5	2	3
PSPPH_4364	6	1	5
PSPPH_4365	0	0	0
PSPPH_4366	16	11	5
PSPPH_4367	3	0	3
PSPPH_4368	9	2	7
PSPPH_4369	12	10	3
PSPPH_4370	15	7	9
PSPPH_4371	34	15	19
PSPPH_4372	13	5	8
PSPPH_4373	0	0	0
PSPPH_4374	2	1	1
PSPPH_4375	46	26	22
PSPPH_4376	30	18	15
PSPPH_4377	11	6	5
PSPPH_4378	3	1	2
PSPPH_4379	39	19	20
PSPPH_4380	81	41	40
PSPPH_4381	40	19	21
PSPPH_4382	8	3	5
PSPPH_4383	8	5	3
PSPPH_4384	21	12	9
PSPPH_4385	3	0	3
PSPPH_4386	2	2	0
PSPPH_4387	21	9	12
PSPPH_4388	37	24	14
PSPPH_4389	1	1	1
PSPPH_4390	9	3	6
PSPPH_4391	14	7	8
PSPPH_4392	5	1	5
PSPPH_4393	38	19	19
PSPPH_4394	62	28	35
PSPPH_4395	23	12	11
PSPPH_4396	24	10	14
PSPPH_4397	1	0	1
PSPPH_4398	17	7	10
PSPPH_4399	50	20	31
PSPPH_4400	20	11	9
PSPPH_4401	5	2	3
PSPPH_4402	45	20	25
PSPPH_4403	3	1	2
PSPPH_4404	18	10	8
PSPPH_4405	12	6	7
PSPPH_4406	4	2	2
PSPPH_4407	17	11	7
PSPPH_4408	6	3	3
PSPPH_4409	8	5	3
PSPPH_4410	7	3	5
PSPPH_4411	21	5	18
PSPPH_4412	6	4	4
PSPPH_4413	4	1	3
PSPPH_4414	14	6	9
PSPPH_4415	28	16	14
PSPPH_4416	22	14	11
PSPPH_4417	2	1	2
PSPPH_4418	0	0	0
PSPPH_4419	2	0	3
PSPPH_4420	19	13	7
PSPPH_4421	41	22	19
PSPPH_4422	3	2	1
PSPPH_4423	0	0	0
PSPPH_4424	15	5	11
PSPPH_4425	6	5	2
PSPPH_4426	9	1	8
PSPPH_4427	3	3	1
PSPPH_4428	64	34	32
PSPPH_4429	6	1	5
PSPPH_4430	11	4	7
PSPPH_4431	12	5	7
PSPPH_4432	4	1	3
PSPPH_4433	50	24	26
PSPPH_4434	17	5	12
PSPPH_4435	11	6	5
PSPPH_4436	11	6	5
PSPPH_4437	11	2	9
PSPPH_4438	9	5	4
PSPPH_4439	10	6	4
PSPPH_4440	1	0	1
PSPPH_4441	16	9	9
PSPPH_4442	17	5	12
PSPPH_4443	20	10	10
PSPPH_4444	107	51	56
PSPPH_4445	13	2	11
PSPPH_4446	22	13	9
PSPPH_4447	7	5	3
PSPPH_4448	4	1	3
PSPPH_4449	21	13	8
PSPPH_4450	22	6	16
PSPPH_4451	25	11	14
PSPPH_4452	7	1	7
PSPPH_4453	3	1	3
PSPPH_4454	4	1	4
PSPPH_4455	1	0	1
PSPPH_4456	2	1	1
PSPPH_4457	10	3	7
PSPPH_4458	7	1	6
PSPPH_4459	2	0	2
PSPPH_4460	6	3	4
PSPPH_4461	9	2	8
PSPPH_4462	3	1	2
PSPPH_4463	1	1	0
PSPPH_4464	3	0	3
PSPPH_4465	3	1	2
PSPPH_4466	2	1	1
PSPPH_4467	7	3	4
PSPPH_4468	13	8	8
PSPPH_4469	5	1	5
PSPPH_4470	3	1	2
PSPPH_4471	2	2	0
PSPPH_4472	5	5	0
PSPPH_4473	2	1	1
PSPPH_4474	6	4	2
PSPPH_4475	11	8	3
PSPPH_4476	4	1	3
PSPPH_4477	5	4	1
PSPPH_4478	1	1	0
PSPPH_4479	40	24	21
PSPPH_4480	12	9	8
PSPPH_4481	13	10	7
PSPPH_4482	178	90	93
PSPPH_4483	0	0	0
PSPPH_4484	12	4	8
PSPPH_4485	5	2	3
PSPPH_4486	10	5	5
PSPPH_4487	2	1	3
PSPPH_4488	5	2	4
PSPPH_4489	13	7	6
PSPPH_4490	3	3	0
PSPPH_4491	5	3	3
PSPPH_4492	3	3	0
PSPPH_4493	32	23	10
PSPPH_4494	31	16	16
PSPPH_4495	10	6	6
PSPPH_4496	0	0	0
PSPPH_4497	1	0	1
PSPPH_4498	2	1	1
PSPPH_4499	3	2	1
PSPPH_4500	3	3	0
PSPPH_4501	7	6	1
PSPPH_4502	11	4	8
PSPPH_4503	8	1	7
PSPPH_4504	8	6	2
PSPPH_4505	24	15	12
PSPPH_4506	12	5	7
PSPPH_4507	15	8	7
PSPPH_4508	3	1	2
PSPPH_4509	7	6	1
PSPPH_4510	9	6	4
PSPPH_4511	23	12	18
PSPPH_4512	7	4	10
PSPPH_4513	7	2	5
PSPPH_4514	11	3	8
PSPPH_4515	9	3	6
PSPPH_4516	10	7	3
PSPPH_4517	7	7	0
PSPPH_4518	162	73	90
PSPPH_4519	16	4	12
PSPPH_4520	19	15	4
PSPPH_4521	22	16	9
PSPPH_4522	6	4	5
PSPPH_4523	15	7	8
PSPPH_4524	12	2	10
PSPPH_4525	1	0	1
PSPPH_4526	8	6	3
PSPPH_4527	0	0	1
PSPPH_4528	1	1	0
PSPPH_4529	6	2	4
PSPPH_4530	4	3	2
PSPPH_4531	2	0	2
PSPPH_4532	4	1	3
PSPPH_4533	1	0	1
PSPPH_4534	5	4	1
PSPPH_4535	4	3	1
PSPPH_4536	13	11	2
PSPPH_4537	12	8	4
PSPPH_4538	124	68	56
PSPPH_4539	38	18	20
PSPPH_4541	1	0	1
PSPPH_4542	1	1	1
PSPPH_4543	0	1	0
PSPPH_4544	4	2	2
PSPPH_4545	3	0	3
PSPPH_4546	16	7	10
PSPPH_4547	18	9	9
PSPPH_4548	13	7	6
PSPPH_4549	13	7	7
PSPPH_4550	10	5	6
PSPPH_4551	14	7	7
PSPPH_4552	2	1	1
PSPPH_4553	2	1	1
PSPPH_4554	2	2	0
PSPPH_4555	10	5	5
PSPPH_4556	6	0	6
PSPPH_4557	13	7	9
PSPPH_4558	6	6	3
PSPPH_4559	0	0	1
PSPPH_4560	24	14	11
PSPPH_4562	27	6	21
PSPPH_4563	36	20	17
PSPPH_4564	40	20	20
PSPPH_4565	5	3	2
PSPPH_4566	56	31	26
PSPPH_4567	183	93	90
PSPPH_4568	68	29	39
PSPPH_4569	37	19	18
PSPPH_4570	34	16	18
PSPPH_4571	13	4	9
PSPPH_4572	121	62	59
PSPPH_4573	48	23	25
PSPPH_4574	8	3	5
PSPPH_4575	34	21	13
PSPPH_4576	31	18	13
PSPPH_4577	48	29	19
PSPPH_4578	37	24	13
PSPPH_4579	71	39	32
PSPPH_4580	121	78	44
PSPPH_4581	28	15	13
PSPPH_4582	37	14	23
PSPPH_4583	21	12	9
PSPPH_4584	2	1	1
PSPPH_4585	41	21	20
PSPPH_4586	75	38	38
PSPPH_4587	36	15	21
PSPPH_4588	24	12	12
PSPPH_4589	82	50	32
PSPPH_4590	19	11	8
PSPPH_4591	69	36	33
PSPPH_4592	78	51	27
PSPPH_4593	40	21	19
PSPPH_4594	563	269	294
PSPPH_4595	307	167	142
PSPPH_4596	72	41	31
PSPPH_4597	52	34	18
PSPPH_4598	721	371	351
PSPPH_4599	435	226	211
PSPPH_4600	67	27	40
PSPPH_4601	58	25	33
PSPPH_4602	53	27	26
PSPPH_4603	47	28	19
PSPPH_4604	47	31	16
PSPPH_4605	15	8	8
PSPPH_4610	14	6	8
PSPPH_4611	8	4	4
PSPPH_4612	14	9	5
PSPPH_4618	36	21	15
PSPPH_4619	20	11	10
PSPPH_4620	11	6	6
PSPPH_4621	14	8	6
PSPPH_4622	9	2	7
PSPPH_4623	10	5	6
PSPPH_4624	14	7	8
PSPPH_4625	12	5	7
PSPPH_4626	6	2	6
PSPPH_4627	27	13	14
PSPPH_4628	12	8	4
PSPPH_4629	8	5	5
PSPPH_4630	6	3	4
PSPPH_4631	8	3	6
PSPPH_4632	3	3	0
PSPPH_4633	7	4	4
PSPPH_4634	15	9	9
PSPPH_4635	4	0	4
PSPPH_4636	15	11	4
PSPPH_4637	30	13	18
PSPPH_4638	8	6	3
PSPPH_4639	15	7	10
PSPPH_4640	7	5	3
PSPPH_4641	4	4	1
PSPPH_4642	10	6	5
PSPPH_4643	48	21	28
PSPPH_4644	5	1	4
PSPPH_4645	57	32	25
PSPPH_4646	13	8	7
PSPPH_4647	46	23	30
PSPPH_4648	18	12	12
PSPPH_4649	3	4	0
PSPPH_4650	29	17	13
PSPPH_4651	63	27	38
PSPPH_4652	18	8	12
PSPPH_4653	11	3	12
PSPPH_4654	15	8	7
PSPPH_4655	20	11	9
PSPPH_4656	7	3	5
PSPPH_4657	16	8	9
PSPPH_4658	25	14	12
PSPPH_4659	8	5	4
PSPPH_4660	16	9	7
PSPPH_4661	40	22	19
PSPPH_4662	32	13	19
PSPPH_4663	13	3	10
PSPPH_4664	7	7	2
PSPPH_4665	50	26	24
PSPPH_4666	175	99	76
PSPPH_4667	59	23	37
PSPPH_4668	24	11	13
PSPPH_4669	24	10	14
PSPPH_4670	5	6	0
PSPPH_4671	6	1	5
PSPPH_4672	42	21	21
PSPPH_4673	6	5	1
PSPPH_4674	2	2	0
PSPPH_4675	13	8	6
PSPPH_4676	5	2	3
PSPPH_4677	32	21	12
PSPPH_4678	1	1	0
PSPPH_4679	10	8	2
PSPPH_4680	9	3	6
PSPPH_4681	4	1	4
PSPPH_4682	6	5	1
PSPPH_4683	5	4	1
PSPPH_4684	1	0	1
PSPPH_4685	0	0	0
PSPPH_4686	9	7	6
PSPPH_4689	2	2	0
PSPPH_4690	23	17	6
PSPPH_4691	5	3	2
PSPPH_4692	15	9	6
PSPPH_4693	11	5	6
PSPPH_4694	9	3	6
PSPPH_4695	6	4	3
PSPPH_4696	73	35	41
PSPPH_4697	12	7	6
PSPPH_4699	15	7	10
PSPPH_4700	14	10	4
PSPPH_4701	35	22	14
PSPPH_4702	8	4	4
PSPPH_4703	51	28	25
PSPPH_4704	6	1	5
PSPPH_4705	19	5	14
PSPPH_4706	16	8	9
PSPPH_4707	6	4	2
PSPPH_4708	33	16	17
PSPPH_4709	48	24	30
PSPPH_4710	13	12	5
PSPPH_4711	80	33	48
PSPPH_4712	55	29	27
PSPPH_4713	14	8	6
PSPPH_4715	55	20	35
PSPPH_4716	17	12	5
PSPPH_4717	13	9	4
PSPPH_4718	5	3	3
PSPPH_4719	12	8	4
PSPPH_4720	15	6	10
PSPPH_4721	20	14	7
PSPPH_4722	37	27	13
PSPPH_4723	3	1	2
PSPPH_4724	19	9	12
PSPPH_4725	11	3	10
PSPPH_4726	6	2	4
PSPPH_4727	5	2	3
PSPPH_4728	6	3	4
PSPPH_4729	9	5	4
PSPPH_4730	14	9	6
PSPPH_4731	40	11	30
PSPPH_4732	26	15	11
PSPPH_4733	35	23	15
PSPPH_4734	54	20	37
PSPPH_4735	1	1	1
PSPPH_4736	65	33	41
PSPPH_4737	9	6	7
PSPPH_4738	3	4	1
PSPPH_4739	113	64	51
PSPPH_4740	8	5	5
PSPPH_4741	3	0	5
PSPPH_4742	6	4	2
PSPPH_4743	16	8	10
PSPPH_4744	16	8	8
PSPPH_4746	0	0	0
PSPPH_4747	102	45	57
PSPPH_4748	77	37	42
PSPPH_4749	83	48	36
PSPPH_4750	213	114	101
PSPPH_4751	320	173	150
PSPPH_4752	27	20	7
PSPPH_4753	835	414	426
PSPPH_4754	143	71	74
PSPPH_4755	91	44	48
PSPPH_4756	511	265	246
PSPPH_4757	19	11	8
PSPPH_4758	19	12	14
PSPPH_4759	14	14	8
PSPPH_4760	10	2	9
PSPPH_4761	12	7	6
PSPPH_4762	0	0	0
PSPPH_4763	14	8	6
PSPPH_4764	5	2	3
PSPPH_4765	3	2	1
PSPPH_4766	301	172	130
PSPPH_4767	254	130	124
PSPPH_4768	92	46	46
PSPPH_4769	26	14	14
PSPPH_4770	23	10	14
PSPPH_4771	11	8	4
PSPPH_4772	25	14	13
PSPPH_4773	9	8	2
PSPPH_4774	9	7	2
PSPPH_4775	10	5	5
PSPPH_4776	10	7	4
PSPPH_4777	24	14	15
PSPPH_4778	169	74	96
PSPPH_4779	33	17	17
PSPPH_4780	15	8	7
PSPPH_4781	30	19	11
PSPPH_4782	26	12	14
PSPPH_4783	35	15	20
PSPPH_4784	1	1	0
PSPPH_4785	28	12	17
PSPPH_4786	28	16	18
PSPPH_4787	68	40	36
PSPPH_4788	11	9	2
PSPPH_4789	17	6	11
PSPPH_4790	5	9	2
PSPPH_4791	9	7	7
PSPPH_4792	26	12	15
PSPPH_4793	51	28	24
PSPPH_4794	22	12	12
PSPPH_4795	17	13	5
PSPPH_4796	15	7	13
PSPPH_4798	27	8	20
PSPPH_4799	40	24	16
PSPPH_4800	39	19	20
PSPPH_4801	98	47	53
PSPPH_4802	40	19	23
PSPPH_4803	29	15	17
PSPPH_4804	15	8	8
PSPPH_4805	92	36	57
PSPPH_4806	190	97	93
PSPPH_4807	27	18	14
PSPPH_4808	32	12	20
PSPPH_4809	39	16	25
PSPPH_4810	89	52	37
PSPPH_4811	95	40	56
PSPPH_4813	235	123	112
PSPPH_4814	17	8	9
PSPPH_4815	13	9	4
PSPPH_4816	85	48	37
PSPPH_4818	7	5	2
PSPPH_4819	34	17	17
PSPPH_4820	16	6	10
PSPPH_4821	103	36	67
PSPPH_4822	17	11	9
PSPPH_4823	45	23	26
PSPPH_4825	6	8	3
PSPPH_4826	22	10	17
PSPPH_4827	13	4	9
PSPPH_4828	8	4	4
PSPPH_4829	13	8	7
PSPPH_4830	12	2	10
PSPPH_4831	24	10	14
PSPPH_4832	13	6	7
PSPPH_4833	56	32	27
PSPPH_4834	3	2	1
PSPPH_4836	1	1	0
PSPPH_4838	4	2	2
PSPPH_4839	4	2	2
PSPPH_4840	8	2	7
PSPPH_4841	13	8	6
PSPPH_4842	21	9	12
PSPPH_4844	14	8	8
PSPPH_4845	115	52	66
PSPPH_4846	38	13	27
PSPPH_4847	138	88	51
PSPPH_4848	15	6	9
PSPPH_4849	6	5	3
PSPPH_4850	11	4	7
PSPPH_4851	3	2	2
PSPPH_4852	15	9	8
PSPPH_4853	36	20	20
PSPPH_4854	34	17	20
PSPPH_4855	5	3	4
PSPPH_4856	16	8	10
PSPPH_4857	21	12	9
PSPPH_4858	11	4	7
PSPPH_4859	49	33	17
PSPPH_4860	31	14	17
PSPPH_4861	27	17	11
PSPPH_4862	10	4	6
PSPPH_4863	9	2	7
PSPPH_4864	23	9	14
PSPPH_4865	19	12	7
PSPPH_4866	24	11	13
PSPPH_4867	36	22	15
PSPPH_4869	72	39	35
PSPPH_4870	10	8	4
PSPPH_4871	11	5	7
PSPPH_4872	32	22	11
PSPPH_4873	19	12	8
PSPPH_4874	123	69	57
PSPPH_4875	24	9	16
PSPPH_4876	11	7	6
PSPPH_4877	7	5	3
PSPPH_4878	3	1	2
PSPPH_4879	8	6	2
PSPPH_4880	3	2	1
PSPPH_4882	22	12	10
PSPPH_4883	53	20	33
PSPPH_4884	58	35	23
PSPPH_4885	29	16	16
PSPPH_4886	32	17	15
PSPPH_4887	8	6	5
PSPPH_4888	10	8	6
PSPPH_4889	30	17	16
PSPPH_4890	61	33	30
PSPPH_4891	26	11	16
PSPPH_4892	33	20	14
PSPPH_4893	33	18	15
PSPPH_4894	38	13	25
PSPPH_4895	116	62	58
PSPPH_4896	58	24	35
PSPPH_4897	82	50	34
PSPPH_4898	66	38	28
PSPPH_4899	4	4	1
PSPPH_4900	17	7	13
PSPPH_4902	0	0	0
PSPPH_4903	7	6	1
PSPPH_4904	2	1	1
PSPPH_4905	4	3	1
PSPPH_4906	11	5	6
PSPPH_4907	118	56	63
PSPPH_4908	17	10	7
PSPPH_4909	13	8	6
PSPPH_4910	7	5	2
PSPPH_4911	9	11	9
PSPPH_4912	11	9	12
PSPPH_4913	17	13	8
PSPPH_4914	4	1	4
PSPPH_4915	13	8	5
PSPPH_4916	63	32	31
PSPPH_4917	16	9	7
PSPPH_4918	76	47	34
PSPPH_4919	6	5	4
PSPPH_4920	12	7	8
PSPPH_4921	18	9	9
PSPPH_4922	16	10	7
PSPPH_4923	24	16	8
PSPPH_4924	4	3	2
PSPPH_4925	12	6	6
PSPPH_4926	18	11	8
PSPPH_4927	37	18	19
PSPPH_4928	99	46	53
PSPPH_4929	51	19	33
PSPPH_4930	12	4	8
PSPPH_4931	6	2	4
PSPPH_4933	4	3	1
PSPPH_4934	4	3	1
PSPPH_4935	19	10	11
PSPPH_4936	7	4	3
PSPPH_4937	46	24	23
PSPPH_4938	13	4	9
PSPPH_4939	28	14	16
PSPPH_4941	7	3	4
PSPPH_4942	10	4	6
PSPPH_4943	8	3	6
PSPPH_4944	18	7	11
PSPPH_4946	3	3	0
PSPPH_4947	2	0	2
PSPPH_4948	2	2	0
PSPPH_4950	4	2	2
PSPPH_4951	55	30	25
PSPPH_4952	1	1	0
PSPPH_4953	35	25	19
PSPPH_4954	0	0	0
PSPPH_4955	10	3	7
PSPPH_4956	1	1	0
PSPPH_4957	19	14	10
PSPPH_4958	2	1	1
PSPPH_4959	0	0	0
PSPPH_4960	5	3	2
PSPPH_4961	8	5	3
PSPPH_4962	2	0	2
PSPPH_4963	6	5	1
PSPPH_4964	12	8	4
PSPPH_4965	1	0	1
PSPPH_4966	3	2	1
PSPPH_4967	6	3	3
PSPPH_4969	9	3	6
PSPPH_4970	0	0	0
PSPPH_4971	6	3	3
PSPPH_4972	1	1	0
PSPPH_4973	19	10	11
PSPPH_4974	19	10	10
PSPPH_4975	7	2	5
PSPPH_4976	18	11	7
PSPPH_4977	9	3	8
PSPPH_4978	27	13	17
PSPPH_4979	49	24	27
PSPPH_4980	11	8	4
PSPPH_4981	20	5	16
PSPPH_4982	25	12	13
PSPPH_4983	20	12	11
PSPPH_4984	10	6	5
PSPPH_4985	24	13	11
PSPPH_4986	18	9	9
PSPPH_4987	1	1	0
PSPPH_4988	4	3	2
PSPPH_4989	0	0	0
PSPPH_4990	5	6	4
PSPPH_4991	2	1	1
PSPPH_4992	4	2	2
PSPPH_4993	4	0	4
PSPPH_4994	61	26	37
PSPPH_4995	73	41	35
PSPPH_4996	23	15	16
PSPPH_4997	21	11	11
PSPPH_4998	37	20	18
PSPPH_4999	7	5	4
PSPPH_5000	37	20	18
PSPPH_5001	28	18	11
PSPPH_5002	51	23	28
PSPPH_5003	29	13	16
PSPPH_5004	15	7	9
PSPPH_5005	16	10	7
PSPPH_5006	27	15	13
PSPPH_5007	27	12	15
PSPPH_5008	33	17	16
PSPPH_5009	3	1	2
PSPPH_5010	4	2	3
PSPPH_5011	1	1	0
PSPPH_5012	3	1	2
PSPPH_5013	31	20	17
PSPPH_5014	56	35	21
PSPPH_5015	14	8	6
PSPPH_5016	25	9	16
PSPPH_5017	9	7	3
PSPPH_5018	2	1	1
PSPPH_5019	12	7	5
PSPPH_5020	6	3	3
PSPPH_5021	8	6	3
PSPPH_5022	47	19	28
PSPPH_5023	29	13	16
PSPPH_5024	14	11	3
PSPPH_5025	12	8	5
PSPPH_5026	10	7	5
PSPPH_5027	19	8	11
PSPPH_5028	32	13	21
PSPPH_5030	24	10	15
PSPPH_5031	4	3	1
PSPPH_5032	6	2	4
PSPPH_5033	19	12	9
PSPPH_5034	4	3	1
PSPPH_5035	16	11	5
PSPPH_5036	8	4	5
PSPPH_5037	15	6	9
PSPPH_5039	15	5	10
PSPPH_5040	38	18	20
PSPPH_5041	6	1	5
PSPPH_5042	12	6	7
PSPPH_5043	1	1	2
PSPPH_5044	15	6	11
PSPPH_5045	22	12	12
PSPPH_5046	3	2	1
PSPPH_5047	13	10	3
PSPPH_5048	13	11	4
PSPPH_5049	33	20	13
PSPPH_5050	0	0	0
PSPPH_5051	1	1	0
PSPPH_5052	4	4	1
PSPPH_5053	32	14	19
PSPPH_5054	5	2	5
PSPPH_5055	0	0	0
PSPPH_5056	3	3	2
PSPPH_5057	20	9	11
PSPPH_5058	4	2	2
PSPPH_5059	7	4	3
PSPPH_5060	7	6	1
PSPPH_5061	27	15	14
PSPPH_5062	1	2	0
PSPPH_5063	28	13	17
PSPPH_5064	7	4	3
PSPPH_5065	6	4	2
PSPPH_5066	20	11	10
PSPPH_5067	10	5	8
PSPPH_5068	27	12	17
PSPPH_5069	61	38	26
PSPPH_5070	14	6	9
PSPPH_5071	14	9	5
PSPPH_5072	97	40	58
PSPPH_5073	14	7	7
PSPPH_5074	7	6	1
PSPPH_5075	2	1	1
PSPPH_5077	3	3	1
PSPPH_5078	3	1	3
PSPPH_5079	33	15	19
PSPPH_5080	7	4	3
PSPPH_5081	10	3	7
PSPPH_5082	12	6	7
PSPPH_5083	22	13	10
PSPPH_5084	34	16	19
PSPPH_5085	28	17	11
PSPPH_5086	27	17	11
PSPPH_5087	19	7	12
PSPPH_5088	20	12	10
PSPPH_5089	12	7	6
PSPPH_5090	54	19	38
PSPPH_5091	17	10	7
PSPPH_5097	2	1	1
PSPPH_5098	8	6	2
PSPPH_5099	4	2	2
PSPPH_5100	8	4	4
PSPPH_5101	38	22	17
PSPPH_5102	58	30	28
PSPPH_5103	5	2	3
PSPPH_5104	4	2	2
PSPPH_5105	3	3	0
PSPPH_5106	18	9	10
PSPPH_5107	1	1	1
PSPPH_5108	6	2	4
PSPPH_5109	25	8	17
PSPPH_5110	20	10	10
PSPPH_5111	3	2	1
PSPPH_5112	2	1	1
PSPPH_5113	7	4	3
PSPPH_5114	4	1	3
PSPPH_5115	6	4	2
PSPPH_5116	11	5	6
PSPPH_5117	8	2	6
PSPPH_5118	7	1	6
PSPPH_5119	13	6	7
PSPPH_5120	9	3	6
PSPPH_5121	11	6	5
PSPPH_5122	18	12	6
PSPPH_5123	5	2	3
PSPPH_5124	13	6	7
PSPPH_5125	2	1	1
PSPPH_5126	17	11	7
PSPPH_5127	3	3	1
PSPPH_5128	14	10	4
PSPPH_5129	20	13	7
PSPPH_5130	9	2	7
PSPPH_5131	3	1	2
PSPPH_5132	12	6	6
PSPPH_5133	14	8	6
PSPPH_5134	13	6	7
PSPPH_5135	15	9	6
PSPPH_5136	7	6	1
PSPPH_5137	13	9	4
PSPPH_5138	5	1	5
PSPPH_5139	6	6	1
PSPPH_5140	2	3	0
PSPPH_5141	8	4	4
PSPPH_5142	306	137	170
PSPPH_5143	477	261	216
PSPPH_5144	6	4	2
PSPPH_5145	18	8	10
PSPPH_5146	0	0	0
PSPPH_5147	56	26	30
PSPPH_5148	113	55	58
PSPPH_5149	42	29	22
PSPPH_5150	15	9	15
PSPPH_5151	16	7	12
PSPPH_5152	3	2	4
PSPPH_5153	31	16	17
PSPPH_5154	17	15	4
PSPPH_5155	1	2	0
PSPPH_5156	6	1	6
PSPPH_5157	24	11	13
PSPPH_5158	16	7	9
PSPPH_5159	33	14	19
PSPPH_5160	10	4	6
PSPPH_5161	18	10	8
PSPPH_5162	38	18	20
PSPPH_5163	42	20	22
PSPPH_5164	12	7	5
PSPPH_5165	10	4	6
PSPPH_5166	28	8	20
PSPPH_5167	1	0	1
PSPPH_5168	56	25	31
PSPPH_5169	4	3	1
PSPPH_5170	6	3	4
PSPPH_5171	4	2	3
PSPPH_5172	25	16	9
PSPPH_5173	15	9	6
PSPPH_5174	124	56	68
PSPPH_5175	7	2	5
PSPPH_5176	5	1	5
PSPPH_5177	2	1	1
PSPPH_5178	2	2	0
PSPPH_5179	12	9	6
PSPPH_5180	12	3	11
PSPPH_5181	1	0	1
PSPPH_5182	1	0	1
PSPPH_5183	12	6	7
PSPPH_5184	1	1	0
PSPPH_5185	8	3	5
PSPPH_5186	15	7	12
PSPPH_5187	106	57	53
PSPPH_5188	114	48	66
PSPPH_5189	41	18	23
PSPPH_5190	35	19	16
PSPPH_5191	100	52	48
PSPPH_5192	66	36	30
PSPPH_5193	23	12	11
PSPPH_5194	1	1	0
PSPPH_5196	1	1	1
PSPPH_5197	1	1	1
PSPPH_5198	3	2	1
PSPPH_5202	4	1	3
PSPPH_5203	23	16	7
PSPPH_5204	3	1	2
PSPPH_5205	12	7	5
PSPPH_5206	57	30	27
PSPPH_5207	262	128	134
PSPPH_5208	96	56	40
PSPPH_5209	215	109	106
PSPPH_5210	44	20	24
PSPPH_5211	69	40	29
PSPPH_5212	31	17	14
PSPPH_5213	18	8	10
PSPPH_5214	7	1	6
PSPPH_5215	26	9	17
PSPPH_5216	30	15	15
PSPPH_5217	10	7	3
PSPPH_5218	43	19	24
PSPPH_5219	25	12	13
PSPPH_5220	25	13	12
PSPPH_5221	0	0	0
PSPPH_5222	6	4	2
PSPPH_5223	6	4	2
PSPPH_5224	0	0	0
PSPPH_A0001	0	0	0
PSPPH_A0002	10	6	4
PSPPH_A0004	2	2	0
PSPPH_A0005	0	0	0
PSPPH_A0006	0	0	0
PSPPH_A0007	0	0	0
PSPPH_A0008	2	0	2
PSPPH_A0009	0	0	0
PSPPH_A0010	76	40	43
PSPPH_A0011	0	2	4
PSPPH_A0012	45	27	18
PSPPH_A0014	3	2	2
PSPPH_A0016	4	1	3
PSPPH_A0017	9	3	6
PSPPH_A0018	79	41	38
PSPPH_A0019	23	14	9
PSPPH_A0021	17	8	9
PSPPH_A0022	9	10	6
PSPPH_A0023	2	3	6
PSPPH_A0025	9	7	7
PSPPH_A0026	13	10	8
PSPPH_A0027	53	28	25
PSPPH_A0028	6	0	6
PSPPH_A0029	3	2	2
PSPPH_A0030	3	2	1
PSPPH_A0031	171	99	93
PSPPH_A0032	9	18	12
PSPPH_A0033	5	9	4
PSPPH_A0034	11	7	11
PSPPH_A0035	2	1	1
PSPPH_A0037	8	5	3
PSPPH_A0039	1	0	1
PSPPH_A0040	25	9	16
PSPPH_A0042	148	89	69
PSPPH_A0043	6	9	7
PSPPH_A0044	4	2	2
PSPPH_A0045	0	0	0
PSPPH_A0047	21	11	10
PSPPH_A0048	26	16	10
PSPPH_A0049	7	2	5
PSPPH_A0050	9	5	4
PSPPH_A0051	2	0	2
PSPPH_A0052	4	2	2
PSPPH_A0053	3	0	3
PSPPH_A0055	14	8	6
PSPPH_A0056	139	68	71
PSPPH_A0059	4	0	4
PSPPH_A0060	0	0	0
PSPPH_A0061	24	12	12
PSPPH_A0062	35	23	12
PSPPH_A0063	13	6	7
PSPPH_A0064	32	18	14
PSPPH_A0065	2	0	2
PSPPH_A0066	8	4	4
PSPPH_A0067	7	3	4
PSPPH_A0068	24	13	11
PSPPH_A0069	34	10	24
PSPPH_A0070	10	7	3
PSPPH_A0071	0	0	0
PSPPH_A0072	0	0	0
PSPPH_A0073	0	0	0
PSPPH_A0074	0	0	0
PSPPH_A0075	0	0	0
PSPPH_A0076	14	7	7
PSPPH_A0077	22	12	10
PSPPH_A0080	20	12	8
PSPPH_A0081	0	0	0
PSPPH_A0083	2	2	0
PSPPH_A0085	29	19	10
PSPPH_A0087	36	21	15
PSPPH_A0089	2	0	2
PSPPH_A0090	1	1	0
PSPPH_A0091	7	4	3
PSPPH_A0092	1	0	2
PSPPH_A0093	34	22	13
PSPPH_A0094	34	11	23
PSPPH_A0095	14	8	6
PSPPH_A0096	2	2	0
PSPPH_A0097	0	0	4
PSPPH_A0098	42	24	22
PSPPH_A0099	1	1	1
PSPPH_A0100	0	0	0
PSPPH_A0101	3	2	1
PSPPH_A0102	74	38	36
PSPPH_A0103	34	16	18
PSPPH_A0104	20	11	9
PSPPH_A0105	2	2	0
PSPPH_A0106	5	5	0
PSPPH_A0107	11	6	5
PSPPH_A0108	37	12	25
PSPPH_A0109	20	8	12
PSPPH_A0110	16	9	7
PSPPH_A0111	0	0	0
PSPPH_A0112	12	6	6
PSPPH_A0113	18	9	9
PSPPH_A0114	4	0	4
PSPPH_A0115	13	7	6
PSPPH_A0116	4	1	4
PSPPH_A0117	3	2	1
PSPPH_A0118	0	0	0
PSPPH_A0120	19	5	14
PSPPH_A0122	15	7	8
PSPPH_A0123	2	2	0
PSPPH_A0125	4	3	1
PSPPH_A0126	3	0	3
PSPPH_A0127	138	61	77
PSPPH_A0128	1	1	0
PSPPH_A0129	32	25	14
PSPPH_A0130	1	2	6
PSPPH_A0132	0	0	0
PSPPH_A0133	88	46	42
PSPPH_A0134	0	0	0
PSPPH_A0135	16	4	12
PSPPH_A0136	10	6	4
PSPPH_A0137	15	8	7
PSPPH_A0138	94	52	42
PSPPH_A0139	17	12	5
PSPPH_A0140	63	37	27
PSPPH_A0141	6	5	2
PSPPH_A0142	78	39	39
PSPPH_A0143	3	0	3
PSPPH_A0144	3	1	2
PSPPH_A0145	14	9	5
PSPPH_A0146	2	0	2
PSPPH_A0147	12	6	6
PSPPH_A0148	19	9	10
PSPPH_A0149	3	3	0
PSPPH_B0001	0	0	0
PSPPH_B0002	0	0	0
PSPPH_B0003	0	0	0
PSPPH_B0004	0	0	0
PSPPH_B0005	0	0	0
PSPPH_B0006	0	0	0
PSPPH_B0007	0	0	0
PSPPH_B0008	0	0	0
PSPPH_B0009	0	0	0
PSPPH_B0010	0	0	0
PSPPH_B0011	2	2	0
PSPPH_B0012	0	0	0
PSPPH_B0013	0	0	0
PSPPH_B0014	0	0	0
PSPPH_B0015	0	0	0
PSPPH_B0016	0	0	0
PSPPH_B0017	0	0	0
PSPPH_B0018	0	0	0
PSPPH_B0019	0	0	0
PSPPH_B0020	0	0	0
PSPPH_B0021	0	0	0
PSPPH_B0022	0	0	0
PSPPH_B0023	0	0	0
PSPPH_B0024	0	0	0
PSPPH_B0025	0	0	0
PSPPH_B0026	0	0	0
PSPPH_B0027	0	0	0
PSPPH_B0028	0	0	0
PSPPH_B0029	0	0	0
PSPPH_B0030	0	0	0
PSPPH_B0031	1	1	0
PSPPH_B0032	0	0	0
PSPPH_B0033	0	0	0
PSPPH_B0034	0	0	0
PSPPH_B0035	0	0	0
PSPPH_B0036	0	0	0
PSPPH_B0037	0	0	0
PSPPH_B0038	0	0	0
PSPPH_B0039	0	0	0
PSPPH_B0040	0	0	0
PSPPH_B0041	0	0	0
PSPPH_B0042	0	0	0
PSPPH_B0043	0	0	0
PSPPH_B0044	0	0	0
PSPPH_B0045	0	0	0
PSPPH_B0046	0	0	0
PSPPH_B0047	0	0	0
PSPPH_B0048	0	0	0
PSPPH_B0049	0	0	0
PSPPH_B0050	0	0	0
PSPPH_B0051	0	0	0
PSPPH_B0052	0	0	0
PSPPH_B0053	0	0	0
PSPPH_B0054	0	0	0
PSPPH_B0055	0	0	0
PSPPH_B0056	0	0	0
PSPPH_B0057	0	0	0
PSPPH_B0058	0	0	0
PSPPH_B0059	0	0	0
PSPPH_B0060	0	0	0
